Time (s),Cam3 Fiducial ID,Cam3 Position X,Cam3 Position Y,Cam3 Position Z,Cam3 Rotation X,Cam3 Rotation Y,Cam3 Rotation Z,Cam3 Rotation W
1726263084.558179,0,0.0025801524158274958,0.0007344321121181765,0.01275975202706881,-0.0015397429194351899,0.030455781965941196,0.000333316055166185,0.9995348735471876
1726263084.5757253,0,0.002800738750991751,0.0003123562921533982,0.013964969997629542,-0.004777177170139765,0.16414294786715314,0.00013658813581117582,0.9864249857882996
1726263084.5924895,0,0.002736739258416857,-0.00010515227976952031,0.013544714725031479,-0.0019054303682337025,0.03430406910886834,0.0004555797642640413,0.9994095219802362
1726263084.6092188,0,0.0026540274140646972,-0.0006048594498866049,0.013247511235050895,-0.004232603220823895,0.16543084650324705,0.00013191899313260433,0.986212301024771
1726263084.626977,0,0.002580806357003752,-0.0010189793527177432,0.012786031794972551,-0.0008379672353229117,0.03245910823446665,0.00046366468000762966,0.9994726054868139
1726263084.6418324,0,0.0024913574885425207,-0.0014284716843439142,0.012461958540894755,-0.005368534092337138,0.16736132761569142,0.00027859057585896506,0.9858809701214968
1726263084.6586967,0,0.0022878130054111096,-0.0018504147152043839,0.011343260010356506,-0.001408422825518318,0.02901611265836762,0.0004982454271647397,0.9995778275366234
1726263084.6780825,0,0.001862388374810635,-0.002282405499753844,0.009241286838991971,-0.005058191163362494,0.022780267665796813,0.0012424876632510869,0.9997269278816272
1726263084.6922822,0,0.0017860720799767085,-0.0026510145579697712,0.008863040540195183,0.002701356829627954,0.022567799570412495,-0.0002369910792882298,0.9997416370888316
1726263084.7083983,0,0.001224411312224657,-0.0030278811525202252,0.006087711175043636,-0.003951859402935421,0.015553544837780394,0.001008292760014838,0.9998707183411008
1726263084.7256594,0,0.0009166786233809768,-0.003351353336801944,0.004715209974495238,-0.004548315233834867,0.18631122303600745,0.0002329931601448472,0.982480222047013
1726263084.742601,0,0.0008850046665999524,-0.0036210306602262867,0.004417429517637814,-0.0027528546425523476,0.011448060565786525,0.0008465734269642262,0.99993032107944
1726263084.759167,0,0.0006598877640922197,-0.0038623620314147712,0.0034535142756957895,-0.004098748980238442,0.1890510438868596,0.00024258184611200139,0.9819586774483606
1726263084.776059,0,-0.00035383906936427496,-0.004054127660322021,-0.001531417337816449,-0.005218698782352378,0.1997497886924876,0.00031919379309089033,0.9798329884299917
1726263084.7927816,0,-0.0004747482643409152,-0.004248860626262921,-0.0021258812541178596,-0.004723693009493476,0.20077983136601374,0.0002895744708014357,0.979624959965605
1726263084.8087525,0,-0.0005082205113681516,-0.004350175749508046,-0.0022948305755139103,-0.004226097978287441,0.20087662695139577,0.00018716968494609493,0.979607414124667
1726263084.825367,0,-0.0006668788786577351,-0.004429066684236399,-0.0032445417659912905,-0.0013265247865664011,-0.00437046499040767,0.000648150474966414,0.9999893595777508
1726263084.8438559,0,-0.0006155243163675914,-0.004449134515396684,-0.002821497620649889,-0.0043154529167523485,0.20197266408140224,0.00024383343686001398,0.9793816214199853
1726263084.8587685,0,-0.0013420177428280747,-0.004419193154393188,-0.006581287267424109,-0.0021697304237292075,-0.010827799999645513,0.0008254609253270982,0.9999386829357672
1726263084.8759503,0,-0.0009917889126499087,-0.0043427888143567316,-0.004850477459391417,0.002156615442616919,-0.007573261678865158,-5.3648826693322723e-05,0.9999689954389483
1726263084.89512,0,-0.001046762432699393,-0.004241586684224513,-0.005120930970733692,0.0010285528598876457,-0.008130943868540354,0.0002309388111344351,0.9999663876841494
1726263084.9086297,0,-0.0005953043934041648,-0.004054698676773986,-0.00272234530732517,-0.004758300248932235,0.20213842329843115,0.0002746762885434731,0.9793453634740412
1726263084.9252634,0,-0.0005394760552487951,-0.003851168990422069,-0.002452163794851264,-0.0043129034621460375,0.20152146938083224,0.00017167354681041456,0.9794745870978532
1726263084.942464,0,-0.0012175900339590612,-0.003627902894296556,-0.005973479054446094,0.0007989832811876098,-0.010063236142023622,0.00013487419657694902,0.999949036057847
1726263084.958717,0,-0.0004003829548027009,-0.0033391260130927356,-0.0017737273987529745,-0.0047036599562572615,0.20047118445641401,0.00014553558658115642,0.9796882966561616
1726263084.9756541,0,-0.00024365647986003883,-0.003033008050267747,-0.0011686923897521327,-0.0013796860637717036,-0.0007821917092576154,0.0005504383216504653,0.9999985908290818
1726263084.9920473,0,-0.00023062094471581506,-0.002643275691768373,-0.0011072638515158518,-0.0031276056344570324,-0.0009295757125432788,0.0008602048913219933,0.9999943069935624
1726263085.008627,0,-0.000404113092185052,-0.0022970427212493597,-0.001968678599633109,-0.003060106854980224,-0.003284377295630728,0.0008068452759198429,0.9999895987521655
1726263085.0253222,0,0.0001158265180070027,-0.0018510771352304367,0.0006011826233389315,-0.0002857718685213937,0.001728520207809572,0.000320050616217729,0.999998414058709
1726263085.042538,0,0.0006622804648570129,-0.0014223355318908747,0.003302933095784568,0.003121307904371361,0.007553638540994426,-0.0003027097871232357,0.999966553614941
1726263085.059228,0,0.00020668258140461206,-0.0010119776810126034,0.0012040230962254966,-0.004583578811338183,0.1956635417422895,9.665113924597964e-05,0.9806603692903578
1726263085.075236,0,0.0005681368605613879,-0.000576483713001116,0.0028260854869039715,-0.007274671996983522,0.005941705505033098,0.0016078529389379325,0.9999545940151254
1726263085.0925863,0,0.0003208782609916692,-0.0001041232817404303,0.0017601520978724554,-0.005528220826607545,0.1952250120856495,0.00012824522721107678,0.9807428903559852
1726263085.108828,0,0.0007646673274288756,0.00033777964436248776,0.003790460594807487,-0.008031842833629389,0.007558081551412212,0.0017252313554335312,0.9999376922992395
1726263085.1252265,0,0.0010590843439312924,0.0008099499212121898,0.005243017461619638,0.002440900822410524,0.010483158374849005,-0.0002725742695775793,0.999942033868429
1726263085.1428497,0,0.0005817366478670193,0.001214014932261082,0.003032792677005931,-0.005455194623450279,0.19317823442577853,4.757081784572057e-05,0.981148514921557
1726263085.1590717,0,0.0005952323504734168,0.0016196836601515756,0.00309781647407072,-0.00541783003311491,0.1933072578042005,2.6496852559771995e-05,0.9811233105455549
1726263085.17548,0,0.0006846327487186376,0.002025958533890534,0.0035331104264713104,-0.005667314610433652,0.19251629162551587,1.5375672090385116e-05,0.9812774117279243
1726263085.1930614,0,0.0005399205947772762,0.002400635631796041,0.002663524247192802,-0.0063384848345186835,0.003842085778715146,0.0013486809421748144,0.9999716211206136
1726263085.2093196,0,0.0007569766892214291,0.002733770007399417,0.003888801406359634,-0.0060061297260600695,0.19221490812161518,2.9922834711216646e-05,0.9813344764177689
1726263085.226041,0,0.0007856278332777783,0.003038504536278572,0.004024060596064426,-0.005761929712615799,0.19209752197236654,-2.4283115196624434e-05,0.9813589259941509
1726263085.243137,0,0.0007219159286068737,0.0033256533600288544,0.0037022022684485476,-0.005219105405533456,0.19280601714757523,-0.00014047737487985485,0.9812230026637991
1726263085.2593658,0,0.000802755900856887,0.0035407800590355584,0.0040988094481878784,-0.005500731139435982,0.19213647837914735,-0.0001117654877607166,0.9813527923950014
1726263085.276024,0,0.0008036071717857643,0.0037363785158142375,0.0041021968527646694,-0.005229897640166858,0.19217518580916743,-0.00011390155834100149,0.9813466936594428
1726263085.2949536,0,0.0007210826331451852,0.003844088003164588,0.0035422583406723596,-0.0029719530352913096,0.005187826571935704,0.0005592512848637676,0.9999819704317753
1726263085.3096774,0,0.0006506217448678948,0.003945756450079713,0.0031961763798801363,-0.0005199260668058115,0.0040772731602310075,0.00015518457521849973,0.9999915406833247
1726263085.3258243,0,0.000866571660136342,0.004037489430391791,0.004409724218399833,-0.005704424182042387,0.19164237363944472,-0.00015825373259952802,0.9814482335438518
1726263085.345807,0,0.0009085740359600449,0.0040417006150688705,0.004618079182695668,-0.005826465796669843,0.19126205409921604,-0.00011384881440687704,0.9815217093862552
1726263085.3594682,0,0.0007698546893767767,0.003971989793969837,0.003784491365829729,0.0001676648451980839,0.005158139805713984,2.2601554532391627e-05,0.9999866823970277
1726263085.375732,0,0.0012030059443050769,0.00394477169252365,0.005922205208935871,-0.0015163499097793562,0.010431908623703221,0.0002211154303815636,0.9999444119916788
1726263085.3925712,0,0.0017570803049834728,0.003845922964987905,0.008659413025299014,-0.0033468796209178667,0.017158134037868637,0.0005269249883930722,0.9998470478944259
1726263085.4096391,0,0.0013025528416631175,0.0036512128647211016,0.006412830879038985,-0.0009897532083788282,0.011833630871373348,7.844127732136023e-05,0.9999294872219503
1726263085.4257402,0,0.002002451704730878,0.0034620202436772165,0.01001213594972654,-0.0055367386079546495,0.17798976305538378,1.1112074830328201e-05,0.9840167623824289
1726263085.4426174,0,0.0018905599359792591,0.003235751662894671,0.009348887061471549,-0.006007121925227562,0.019089242453036486,0.0013288298518593642,0.9997988545302348
1726263085.4597473,0,0.0020329702227847375,0.002955366674962547,0.010172923704457042,-0.005450318333059923,0.17730952146662898,6.701147443457622e-05,0.9841400424415244
1726263085.4756458,0,0.0021626812524773767,0.00265088257989943,0.01067021234904721,-0.0022711712165998264,0.023699744174476473,0.000290918698745266,0.9997164994505593
1726263085.4925153,0,0.0030674323414122025,0.0023545610264741287,0.015247400157574198,-0.0033659909272330743,0.16137181890615876,-0.0001775141937084982,0.9868879240606334
1726263085.511605,0,0.002460661475266655,0.0019433245755242237,0.012160116824569075,0.0036014843875988513,0.02770825716870133,-0.0005096521098031766,0.9996094347541974
1726263085.52582,0,0.0025703278337532933,0.0015441678491648575,0.012721840903324701,0.0022380969604870716,0.029475569259260245,-0.00011451830036762707,0.9995629888228139
1726263085.5424855,0,0.002910818299223809,0.0011312611620741748,0.014513747780520985,-0.005321772335261057,0.163416243156866,0.0002501069669159042,0.9865428260639336
1726263085.5632489,0,0.002871622775593594,0.0007208617066756979,0.014202768981449808,-0.0019330266896181983,0.035852820180378,0.000380893137622128,0.9993551388837445
1726263085.575941,0,0.0027179363939954363,0.00029880897316609026,0.013436199881557608,-0.004636704661517081,0.03398799737902976,0.0006903332995416121,0.9994112469068879
1726263085.5924716,0,0.0028459507047521944,-0.00014152058335345572,0.014077324921999791,-0.0033606870496865533,0.035150754790675594,0.0006122671964655059,0.9993761831007781
1726263085.6095943,0,0.0026432585533763746,-0.0006091781849442619,0.013199113445620275,-0.005068319024650645,0.16582087521555322,0.0002016346304481116,0.9861428440284339
1726263085.626067,0,0.002523456910482474,-0.0010372745292647563,0.012507286722845325,-0.0015788768478874342,0.03130558386193687,0.0005856891309001609,0.9995084414526996
1726263085.6427162,0,0.0024952721347479205,-0.00145989910285405,0.01237123879281592,0.0012668811180980314,0.03062601151831697,9.014558849229984e-05,0.9995301067524107
1726263085.659552,0,0.0015879507627054776,-0.001911089145162856,0.007873816748940998,-0.005907160716863299,0.019605261066812006,0.0011433656477556624,0.9997896938385407
1726263085.676192,0,0.0012575221244572861,-0.0023314908407710607,0.0062407852050305745,-0.002514816326034736,0.01585412034511784,0.0006258088762262932,0.9998709571390597
1726263085.6927195,0,0.0020265882279775333,-0.002665350700269657,0.010053705399282551,-0.0025285778865700164,0.02588399881406631,0.0007098141289108702,0.999661503241556
1726263085.7100775,0,0.0009814771015943878,-0.0030485741433361837,0.005038716427787115,-0.004784194924767147,0.18581197932783158,0.0003047379454163254,0.9825736241890376
1726263085.7262936,0,0.0009167508435289466,-0.003355066848328828,0.0047239695987213925,-0.005056356620521288,0.18641825523347,0.00028354408748400555,0.982457422474982
1726263085.7430964,0,0.0008221131677186854,-0.0036553320266727958,0.004253274073316045,-0.004075171147145669,0.18726792565559686,0.00022924482791116993,0.9823003942010713
1726263085.760288,0,0.0006712717826495128,-0.0038682847192494075,0.003507727168129913,-0.004561715960629809,0.1888508079458781,0.00023640566697341535,0.9819951665858871
1726263085.7770948,0,3.74717400807037e-05,-0.004061947008965719,0.00023030130936047713,0.0018253838975518847,0.0028540455829186256,-3.5123591815792135e-05,0.9999942605654147
1726263085.7927804,0,-0.0004830746378594607,-0.0042515672349764605,-0.002175640298109707,-0.0041039181590837625,0.20060951448729902,0.00014144945900217872,0.9796626769173991
1726263085.8105106,0,-0.0005235186956822495,-0.004353097324206051,-0.0023559158962053977,-0.005527480887424326,0.20145269132214394,0.00045634480736818605,0.9794825429090205
1726263085.826695,0,-0.000504083398490234,-0.004440753088678567,-0.0024297238018379853,-0.0007666455976974542,-0.002767947356375416,0.0006732334150293597,0.9999956487298977
1726263085.8431776,0,-0.0006183608816191869,-0.004450830855837899,-0.0028325264957703078,-0.004518586696099771,0.20211188993319582,0.00030255359231744645,0.9793519667531307
1726263085.8613417,0,-0.0013563580399891487,-0.0044208248427251105,-0.006656120369000163,-0.002056963843866675,-0.010977752699819933,0.0007910501361498719,0.999937314077782
1726263085.8765702,0,-0.0009795588243143789,-0.004342130111239323,-0.004793220881152495,0.0009430138676001321,-0.007415599998024061,0.000194909615669245,0.9999720404150092
1726263085.89293,0,-0.0012502347889620422,-0.00423867468175885,-0.005950467672841169,-0.004207102237066703,0.20819102074059706,0.00023338622550381482,0.9780791096351179
1726263085.9097488,0,-0.0005875058995738515,-0.004053305724229352,-0.0026802507589580474,-0.0049276517840804845,0.20209079336161276,0.00030364727078487075,0.9793543471515832
1726263085.9269142,0,-0.0005388715934417245,-0.0038508521206492142,-0.0024424153348508062,-0.004904807893502651,0.2017236287037976,0.00029453124553049036,0.9794301576597718
1726263085.9429495,0,-0.0012185824073242591,-0.003622553427382488,-0.005975642510411634,-0.0006999036930521392,-0.0101455397881397,0.0004937628652218666,0.99994816583434
1726263085.959597,0,-0.0005446632452195517,-0.003334877994882952,-0.0026591490544515266,0.00046662506618351594,-0.003569875978073334,8.521303152344912e-05,0.9999935154716194
1726263085.9769812,0,-0.000292942808214736,-0.0030244440138035636,-0.0014118746537063076,0.00023375750944041018,-0.0014262459694706611,0.0002441898045904262,0.9999989257750234
1726263085.9937317,0,-0.0001712015177789832,-0.002633679779958585,-0.0006432078013402626,-0.005114241584646372,0.19873301096837392,0.0002401866267309575,0.980040293658808
1726263086.0105,0,-0.00013278562866055028,-0.0022402487057394463,-0.0006207744372644715,-0.002347141683197645,-0.00027728375520699055,0.0007940521054625361,0.9999968917556153
1726263086.0280745,0,-4.0341735497906854e-05,-0.0018302855367560338,-1.0695159880384034e-05,-0.004877543134829109,0.197751681008037,9.163083524736288e-05,0.9802400082812646
1726263086.043046,0,0.00016266566078450777,-0.0014171293195114902,0.0009887262775492582,-0.005167148646133991,0.19599774857504176,0.000126526280785576,0.9805907235536565
1726263086.0598965,0,0.0003174952314621728,-0.0010029773642948583,0.0015927055729408114,-0.0039245729065189965,0.00375307171775051,0.0009950068246239675,0.9999847609546867
1726263086.0787315,0,0.0005990238917807381,-0.0005280451955790069,0.0029839833024117887,-0.0015136106795105074,0.005866409865811042,0.0005869936593913245,0.9999814746566263
1726263086.0930161,0,0.00032959000238512215,-0.00010111649415170274,0.001801825212636854,-0.005097428400581602,0.19506584582799946,9.447869849101882e-05,0.9807768977136867
1726263086.1095197,0,0.0007747199769728729,0.00039551329818263804,0.0038365710346935636,-0.0013635810727372724,0.007851844260156518,0.00035222112476307406,0.9999681820581351
1726263086.1294217,0,0.0005738552913673931,0.0008109830198177653,0.0028295317338325626,-0.0036619165198532944,0.0057154872879899305,0.0006572911091895895,0.9999767455000442
1726263086.1430678,0,0.0006964110189101261,0.0012253273864404758,0.0034497254822688627,-0.0038169624308390846,0.006334784767783532,0.0010301181332716795,0.9999721196895337
1726263086.1597514,0,0.000555388587649984,0.0016202223131971422,0.002929707975961388,-0.0073596443139726814,0.1941752749500409,0.00036506967923564476,0.9809391749531553
1726263086.176742,0,0.0006561494531617686,0.002027596534398897,0.003390366804016266,-0.005257582090380292,0.19267684587686332,-8.230570682960347e-05,0.9812481766195935
1726263086.1931648,0,0.0007007876314616693,0.002424946726497108,0.0036018203322284986,-0.004525997497715343,0.1924247029291134,-0.00015081948519054094,0.9813012923168786
1726263086.209889,0,0.0004923365298997995,0.002732051864619905,0.0024163001794406443,-0.0009126265827765215,0.0032953464346058767,0.00012626019676434684,0.9999941459143443
1726263086.2267947,0,0.0006425443148868277,0.003037881671096167,0.0031661874748237498,-0.0021013176968044116,0.004676394119795259,0.0005342563332083619,0.9999867150978277
1726263086.2434444,0,0.0007162177829893744,0.0033272126918283424,0.0036837888428819716,-0.005261196754022021,0.1930704186037422,-9.822052091606134e-07,0.981170797194824
1726263086.259905,0,0.0007859254737569646,0.0035402915395264414,0.004023594868066565,-0.005684309466017982,0.1923524495078976,-6.420618272265264e-05,0.9813094413444581
1726263086.2773778,0,0.0007825976715039319,0.0037342687792323425,0.004001033116590702,-0.005387319731272538,0.19240212987185554,-0.00013463534340413136,0.9813013701611809
1726263086.293248,0,0.0006301747244680832,0.0038415281705769548,0.003083287200648546,-0.002284284348569914,0.004311356117049022,0.0002700660874589902,0.9999880605876029
1726263086.3099654,0,0.0006620330856714481,0.003945492225496575,0.003243969021329156,-0.0015460035820044548,0.004536866568932945,0.00015641128449860237,0.9999885010589723
1726263086.3272567,0,0.0008670721332819923,0.004036902513691746,0.004419241516010944,-0.00619944187265082,0.19175887281577547,-3.2937484265204034e-05,0.98142248829544
1726263086.343723,0,0.0009088478185475123,0.00403999782442981,0.004628998028542001,-0.006593203907989962,0.1914402304026916,1.7882437067216274e-05,0.9814821279706577
1726263086.360415,0,0.0010423688089385855,0.0039636219996374905,0.005138048846074003,-0.004929271045165422,0.008620072911061745,0.0010600095517879508,0.9999501352616147
1726263086.3775392,0,0.0013277061262728855,0.0038977310392005714,0.006538383250232097,-0.006578521290226249,0.012097428467424726,0.0011793346292435346,0.9999044876646678
1726263086.3938036,0,0.001243256699403692,0.0037777134948240067,0.006116311656358364,-0.0075848006400935355,0.011266316040964506,0.00130124812531995,0.9999069195057265
1726263086.4101863,0,0.001898605757736142,0.0036582883927156165,0.009360736706782266,-0.003549281744003211,0.019239296674550294,0.0006015768832433277,0.9998084267337537
1726263086.4276495,0,0.0020333246868535215,0.0034607156383591724,0.01016110214840469,-0.004937603948240752,0.1776019985665634,-4.89499726583989e-05,0.9840900099972121
1726263086.4436355,0,0.0016970325612023342,0.003185017491339838,0.00837146572846433,-0.002735989224134403,0.016471113889495785,0.0005378881995244592,0.9998604539866999
1726263086.4601479,0,0.0020336339027515363,0.002949183140024826,0.01005414166889175,-0.003492267849597718,0.02122188109396906,0.0008734619793422936,0.999768309605916
1726263086.4774096,0,0.003160876322863506,0.00266246828691544,0.01570862410821084,-0.003217719486765143,0.16017891394869704,-0.0002052160007532504,0.9870827319398884
1726263086.493544,0,0.002154208616891385,0.0022615972466398983,0.010642424113666301,-0.004686143097841492,0.02332405829429171,0.0010851128117449844,0.9997163852301996
1726263086.5101397,0,0.0030868939393956145,0.0019483736895107592,0.015319622660102826,0.004167369894880768,0.03612614825901713,0.0002781011819358157,0.9993385097652643
1726263086.5281792,0,0.003010381629811878,0.0015415956260540003,0.01497732412511605,-0.003387560867363719,0.16165939332989654,-0.00012679787276401975,0.9868407920743241
1726263086.54377,0,0.0029552298291351956,0.0011302924098365635,0.014710294509566102,-0.0045223082876523196,0.1624838585941994,3.352489193087213e-05,0.9867008377923743
1726263086.5601044,0,0.0034632588802324636,0.000718232321443599,0.01712067429069668,0.006791150832906726,0.04517205482774564,-0.0009848830563162372,0.9989556525383744
1726263086.5790067,0,0.00264053391626633,0.0002235392105165586,0.01307857123804831,-0.0015310761618398197,0.0315822790296097,0.0006087060206846078,0.9994997973656938
1726263086.5935547,0,0.0028422013564670364,-0.0001920841355438401,0.014104902245134197,0.0017906830104538255,0.034819237562533,0.00044283937017906486,0.9993919241434824
1726263086.610445,0,0.0026497890510567687,-0.0006131655492884454,0.013232978500362072,-0.005446367260503079,0.16568065126810588,0.00023168784792596748,0.9861643905555407
1726263086.6287205,0,0.002775811521313748,-0.0010886752416344164,0.013748319282122437,-0.005145113601814924,0.03529340508485188,0.0010783486073435793,0.9993631674860857
1726263086.643617,0,0.0028518315198401783,-0.0014911244284713918,0.01409919529017739,-0.008988792862793775,0.03690222524591479,0.001425087387759052,0.9992774372018547
1726263086.660093,0,0.0020414941790242993,-0.0019286887171906476,0.010129593811130674,0.002277174025155879,0.024840189157931798,1.5563414811259902e-05,0.9996888412095223
1726263086.676923,0,0.002184328719129311,-0.002345410344036131,0.010970585344106762,-0.006494386588697848,0.1716472706923178,0.0005465987796266425,0.9851369136503254
1726263086.693747,0,0.0013957956895833013,-0.0027175173929996064,0.006954342764051928,-0.00523533549167952,0.016776698201466888,0.0014695766849897858,0.9998444749080296
1726263086.710258,0,0.0010375042274962706,-0.0030527851214868775,0.005162728861409188,-8.935612939383331e-05,0.013631175221726268,0.00021941128445679842,0.9999070631494935
1726263086.7269773,0,0.0009233362464014598,-0.0033569924135690063,0.004735674639627635,-0.004160817993148076,0.1862243551575341,0.00011572850634830992,0.9824984293863789
1726263086.7441888,0,0.0008196194721860216,-0.0036566584852414643,0.004231987073961948,-0.004109449177641529,0.18730579832033772,0.0002032408733023153,0.9822930362352086
1726263086.7605534,0,0.0006796718074492492,-0.0038694771039917667,0.003571661837755694,-0.006143441318461076,0.18929634341400042,0.0005400791076260504,0.9819006369350277
1726263086.7778175,0,0.0004925165009690851,-0.004071350628394266,0.0024960742052709557,0.0009120997246461735,0.007587329639857095,0.0003347638215013456,0.9999707437901433
1726263086.7946918,0,-0.00047631473141932727,-0.004253820756274181,-0.002141913460749248,-0.004057333284275329,0.20065634496795942,0.00014170541430082206,0.9796532800895912
1726263086.8104377,0,-0.0005154778028703692,-0.004354118482793715,-0.0023355880293209302,-0.004239266825204923,0.2010140562342214,0.00017376472768586908,0.9795791686325661
1726263086.8276274,0,-0.0005484107282535089,-0.004438315047104946,-0.0026650169966199078,-0.0024429367157406574,-0.0030454025095802808,0.0008171387194317823,0.9999920449023936
1726263086.845065,0,-0.0006273928336334554,-0.004448559944039278,-0.0028798106366026005,-0.0042032324924603974,0.20222350167842554,0.00029120699744039635,0.9793303341590184
1726263086.8607056,0,-0.0012112121238378136,-0.004409739421572548,-0.005931249724564535,-0.0028440215236885777,-0.009804939086490338,0.0010657074694853164,0.999947318101645
1726263086.8772984,0,-0.0010880271647858728,-0.0043407572200440175,-0.005320167028170185,0.0025279911950373945,-0.008636236506649114,-3.794488141499889e-05,0.9999595108001649
1726263086.8966413,0,-0.0012685445823218745,-0.00423725663801735,-0.00622009249208951,0.0009069625329261405,-0.010183601464984475,0.0001456763587690364,0.999947723862885
1726263086.9107606,0,-0.0005808911331325747,-0.004051337511130173,-0.002657309994902176,-0.004177715106354587,0.20188111957435073,0.00016779675731334653,0.9794011088926463
1726263086.9274507,0,-0.0005710132686900335,-0.0038456729311917457,-0.0026095852334337526,-0.004748530958345034,0.20185979062553547,0.0001578606749129562,0.9794029055819468
1726263086.9443028,0,-0.0007090587835604792,-0.0035733010154370883,-0.0034596253818462677,-0.003511438976695545,-0.005385229207792405,0.0010721463368903027,0.9999787595768846
1726263086.9606946,0,-0.0012096247719399194,-0.003316368410603644,-0.005936197533553018,-0.00194414221503943,-0.01020212054044506,0.0007514513010443251,0.9999457847145855
1726263086.9776711,0,-0.0007213463432406585,-0.002982315874761332,-0.0035184096717824505,-0.005548450849486452,-0.00616169331046198,0.0015912917304622494,0.9999643573744752
1726263086.9945345,0,-0.00015344164183368278,-0.002629963146526747,-0.000715667854377322,-0.00040362188191556575,-0.00019686454039419512,0.0004572557817687676,0.9999997946254184
1726263087.0110545,0,-8.373090550999979e-05,-0.002232352427678601,-0.0002277381735230227,-0.004058789575612412,0.19784979080904186,5.9918015035454176e-05,0.9802239452869077
1726263087.0274346,0,-3.387044960389842e-05,-0.001826074276133201,2.53704968161489e-05,-0.005296203293911656,0.1979134953789701,0.00021344105657459796,0.9802051586379574
1726263087.0440276,0,1.6066827481429662e-05,-0.0014117183153458592,0.0001073499309130406,2.8985467953442253e-05,0.0007650259705421732,0.00025132134217122423,0.9999996753662923
1726263087.060615,0,0.000318899263146493,-0.0009468177677390102,0.0016023981767171968,-0.0024148477662383093,0.003137638285203447,0.0007369374168847951,0.9999918902968667
1726263087.0774398,0,0.00024950474779096067,-0.0005102909487604602,0.0014117364128786061,-0.005136967253788425,0.19565196556768907,0.00010370740693748138,0.9806599355442778
1726263087.0940526,0,0.0003769608787739736,-9.312908186941441e-05,0.0018774292203321762,-0.00398143050237806,0.003759489109708621,0.0009627202684080644,0.999984543691788
1726263087.110781,0,0.00039401923922320614,0.00039952045892741646,0.0021191440497914417,-0.005481108517943031,0.1947332170999977,0.00011072029735960192,0.9808409245888527
1726263087.1274636,0,0.0005054103249126922,0.000814186347800806,0.0026712127015593185,-0.005843965032641267,0.19389165904688047,0.0001833523791973353,0.9810055244526661
1726263087.1442034,0,0.0009146073119793429,0.0012878918853228033,0.00453134877034498,0.0005109989875462876,0.008379628368197936,9.84771871396319e-05,0.9999647548842355
1726263087.160587,0,-2.2669546882554958e-07,0.0016273639048842096,-1.8828383168072074e-06,-0.0021371965957705553,-0.0014923908086930601,0.0005583799355750421,0.9999964466798033
1726263087.1771855,0,-7.891339081717612e-05,0.002033347320107769,-0.00039596370859594433,-0.003621886815829305,-0.0023382461193692645,0.0007759027960331454,0.9999904062118944
1726263087.1946268,0,0.0007014316633050251,0.0024292455527359976,0.0036145715980618006,-0.005624832985321257,0.19262468880236844,-7.0898845592502865e-06,0.981256383656897
1726263087.2109401,0,-0.0001291535319295546,0.002726160379307969,-0.000647470740842356,-0.001873030353918081,-0.0032117641268695606,0.00045346754089683707,0.9999929853232352
1726263087.227613,0,-0.00014323635421923625,0.0030315354318101667,-0.0007106096857639737,-0.004238704395126078,-0.003472562155173105,0.0010560932357303729,0.999984429560884
1726263087.244334,0,0.0007388253625683339,0.0033335222459762643,0.003803978466103362,-0.006113978500562539,0.19288646948159321,4.897742319151459e-05,0.9812020315709874
1726263087.260917,0,0.000312455819631341,0.0035353872907897066,0.0015404008778157868,0.0011684059783379952,0.0005951621669113662,-5.195613315351425e-05,0.9999991389546418
1726263087.2782457,0,0.0006215641436381516,0.003738646557302353,0.003074394806715367,0.00018392614728833135,0.003723478621560735,0.000194232634103999,0.9999930320516294
1726263087.2946234,0,9.601025197621727e-05,0.003835076072171668,0.00046049897762853774,-0.002457963886268986,-0.0014862518058934924,0.0005338902613396437,0.999995732206039
1726263087.311217,0,7.384083732437672e-05,0.003940348508113337,0.0003300557383103208,-0.0049334633202270375,-0.0014383743313598173,0.0008107196636109344,0.9999864672847217
1726263087.3277872,0,0.0008795169804986107,0.0040415007918680615,0.004467239950790594,-0.005163257620322727,0.19141447656105662,-0.00024454643132501027,0.9814956847233949
1726263087.344942,0,0.0009143307267507309,0.004044193210945886,0.0046531173911345544,-0.0063422215205532866,0.1913119085588157,-2.4953984914639157e-06,0.9815088027437862
1726263087.360819,0,0.001099042834507848,0.0039950486326173484,0.0054255892087332214,-0.0006702516729601596,0.008724889966431207,0.00032398568432075305,0.9999616603105566
1726263087.3781946,0,0.0016767793195936053,0.003946684405429571,0.008274894464150855,-0.0024803447728120815,0.01599540525559895,0.0005315122562253684,0.9998688475971429
1726263087.3951566,0,0.0017448879640634388,0.0038296190475889604,0.008600637560658259,-0.007219902789005981,0.01737773242490661,0.0012146670992653056,0.999822190193498
1726263087.411508,0,0.0019142669811529392,0.003660310265388315,0.009558361918007869,-0.004857540401296368,0.17884958769332665,-0.00023857777258458075,0.9838644075094003
1726263087.4279387,0,0.002054432898791259,0.0034628437821562,0.0102563654911749,-0.004491410374939151,0.17707857099799731,-0.0001238245573391569,0.9841864618016396
1726263087.4449751,0,0.002088014531606454,0.003223463813791902,0.010309609369345444,-0.00299364349855773,0.02153901970709499,0.0006122698608003044,0.9997633389229065
1726263087.4613655,0,0.00216682594110832,0.002954509793047971,0.01071275432427357,-0.000749000827365836,0.023032061090458196,0.00033429260674988127,0.9997343904298477
1726263087.4778821,0,0.0031295391218779784,0.00266032920953745,0.015579168981805828,-0.005792127131927978,0.1612892020963882,0.00022927321064663742,0.9868901620667788
1726263087.4952054,0,0.0027451939838713884,0.002314111890686538,0.01356485388354242,-0.008323360529975706,0.03162967486416094,0.0014875763364385036,0.9994638925214451
1726263087.5116076,0,0.003047760407587993,0.0019436185213086694,0.015165341717916394,-0.004102647144596339,0.16167784041262281,3.682424641854516e-05,0.9868350636504017
1726263087.5279593,0,0.0030545086331896258,0.001542264847548031,0.015207509029485505,-0.005833975975231003,0.16154514721941748,0.00024396372803614042,0.9868480483923938
1726263087.5461092,0,0.0029587987629516653,0.0011287232063026446,0.014748788317665988,-0.0059140188376935144,0.16274964168697922,0.0002992038180373273,0.986649628282007
1726263087.56168,0,0.0036944725104871815,0.0007118038372783067,0.018285324870361233,0.0010960211315004808,0.04969514188126381,0.00012902452953619833,0.9987638234156017
1726263087.5780132,0,0.003012268873142161,0.00022785044841144674,0.014910667596201231,-0.004674332566405824,0.03752275230056362,0.0010660627218892218,0.9992842724596049
1726263087.596207,0,0.0029246788497829766,-0.00019527069519402677,0.014484151757727977,0.0016548640391393333,0.036800850286599816,6.525601088357853e-05,0.9993212469395657
1726263087.611538,0,0.0030326554656083652,-0.000614154585623288,0.015018940649071815,0.005180759709554961,0.03871543040523512,-0.0005107289260487186,0.9992367158653316
1726263087.627894,0,0.0027857435022683565,-0.0010995742874635951,0.013802500319337881,-0.0038233472574162254,0.03504999952488167,0.00102995043812647,0.9993777157567353
1726263087.647525,0,0.0027374461841249923,-0.0015105610722763478,0.013573118949941709,-0.004477178180281621,0.034576579031329484,0.0011698123029154702,0.9993913380639279
1726263087.661683,0,0.0024227764703471746,-0.0019352000434985379,0.012012121300078078,-4.8938936891005645e-05,0.030976592096925507,0.0003073632225664624,0.9995200617670916
1726263087.6782577,0,0.002233231098596901,-0.0023460919821680338,0.011189057647139476,-0.004793222835666598,0.1703245872660194,0.00022371740334230195,0.9853763290936266
1726263087.6947696,0,0.0013825404664052122,-0.002720210500787175,0.006869477387104871,-0.005749275589479091,0.01699556816019982,0.0013766029463351656,0.999838087620909
1726263087.7121108,0,0.0012055635643243201,-0.003054527779815234,0.00599103749615039,0.000927363484843812,0.015589715824571864,8.871692986877487e-06,0.9998780429026177
1726263087.7279673,0,0.0009453603777106393,-0.0033576666512457757,0.004852587736427194,-0.004536470164655678,0.1859689905987361,0.0001698171104454987,0.9825451267683746
1726263087.7451684,0,0.0008279795538906646,-0.00365818349708394,0.004285176897077986,-0.00458205466728132,0.1873330849953402,0.0002946071032122635,0.9822857187436909
1726263087.7629945,0,0.0006938532951982283,-0.0038706609009567516,0.0036297246535654825,-0.004743287849793071,0.18871207493787026,0.0003060044345458825,0.9820209571869145
1726263087.7793653,0,0.0005498416324897242,-0.004072797863244252,0.0029160390092226817,-0.004642645556263377,0.19015848433250543,0.0002897877987109634,0.9817423861184944
1726263087.7951415,0,-0.00048244263343735983,-0.004253526480117116,-0.002167422404329387,-0.004727065358733319,0.20087446804508494,0.00029063913220417315,0.9796055422819907
1726263087.8136983,0,-0.0005181932737677816,-0.004352752562734283,-0.002343145244259263,-0.004661936893522915,0.20114137344485933,0.0002628190162886874,0.9795510936951074
1726263087.8284984,0,-0.0007769129439327505,-0.004425626529693871,-0.003788738835007171,-0.0017268066452496309,-0.005584683547048467,0.0007582129350054448,0.9999826271299089
1726263087.8451123,0,-0.0008289450059911025,-0.00444060539940329,-0.003869131115856424,-0.0032977488394209495,0.20425027834173737,0.00033335765584327644,0.9789130898719192
1726263087.864278,0,-0.0007542222180419904,-0.004373748903702983,-0.003670811453405239,-0.002558553034519985,-0.005551671956581882,0.0010122426086952253,0.9999808038706329
1726263087.8782055,0,-0.0014627493209486485,-0.004327742419515745,-0.007179206192258093,-0.000692211432604786,-0.01195910574275374,0.0004915106289298552,0.9999281269423658
1726263087.8950577,0,-0.0014841405161361723,-0.004224431697254851,-0.007288756884220296,-0.0014841121904306468,-0.012208294083371214,0.0006232225010122973,0.9999241804058417
1726263087.9143126,0,-0.001154732709624868,-0.004037216256304482,-0.005661111189563216,0.00034069002121986695,-0.009252936905599618,0.00027821222735538984,0.9999570939229778
1726263087.9280722,0,-0.0014286575855155053,-0.003829951144705114,-0.006834151574151831,-0.004479377497398246,0.21008847775418835,0.000209851897116009,0.9776720936256414
1726263087.9449465,0,-0.0004877883409213494,-0.003551819110231545,-0.0022043179396180486,-0.004129371536309311,0.20127107686665066,0.0001608915207288485,0.979526863348613
1726263087.9645438,0,-0.0009313657195933752,-0.0032919799664454024,-0.004567290302380813,-0.004615155587150575,-0.00772737241563612,0.0012399052172080277,0.9999587244929208
1726263087.978131,0,-0.00032188709797454376,-0.0029458336599565943,-0.0015570992189988747,-0.0026847449528677176,-0.0018694125030000914,0.0008588477938399094,0.9999942798945896
1726263087.994946,0,-0.0008624203180728374,-0.0026047505989393403,-0.0042328905706643495,-0.0035064241765273537,-0.007427078460405521,0.0009572888786811283,0.9999658129621433
1726263088.014982,0,6.563663956371749e-06,-0.00222000250719001,6.250303051253146e-05,-0.002627737065688595,0.0012125414447137365,0.0007986165890430202,0.9999954934661966
1726263088.0282469,0,-8.983972339290574e-05,-0.0018212814890637638,-0.0004162469606755595,-0.0006942833496741597,6.435287487076258e-05,0.00038657058221502037,0.9999996821962108
1726263088.0449345,0,-0.000493634945482044,-0.0013770598377376507,-0.002414694748881507,-0.004922559990841799,-0.0044635630679529,0.0012443687381241868,0.9999771480160528
1726263088.0620935,0,0.00013159165284769292,-0.0009159970485452874,0.0008345636570504886,-0.004731051669820567,0.19657993195306053,0.00013221668008248788,0.9804763791250541
1726263088.0781949,0,0.0003560511138238112,-0.0004958722005348372,0.0017751711377048595,-0.0039992670395021515,0.00393205626614881,0.0009133246821517301,0.9999838551870184
1726263088.0950477,0,0.0001714919363435644,-2.5047918832066804e-05,0.0008610877590793,-0.003897271697718032,0.00162842384491838,0.0009395241679556312,0.9999906383578965
1726263088.1119707,0,0.000386676592391128,0.0004034345623125724,0.002077962229918763,-0.005092931064969712,0.19466197359067036,3.13158780230813e-05,0.980857164479247
1726263088.128414,0,-0.000214813969751569,0.0008306879605080305,-0.0010570157202771247,-0.004401420951000806,-0.0030043389235818196,0.0010085333088669334,0.9999852920427427
1726263088.1455858,0,0.0005569772965126564,0.0013106503846910295,0.0027565142242479664,-0.003033513294977362,0.004882891403072538,0.0007894223454134628,0.9999831658488035
1726263088.1622915,0,0.00017680183752667809,0.0016736459020159748,0.0008751838379971106,-0.00688581409204174,0.00044765424261036487,0.0015366519816411197,0.9999750116231186
1726263088.178775,0,0.0003754558452319169,0.00209130070974362,0.0018567866166133132,-0.007017751115522291,0.002259325539870038,0.0015798434578875203,0.9999715749520254
1726263088.195177,0,0.0006599364622273888,0.0024323587677940327,0.0032543706404762614,-0.002990089772805932,0.005310582903518872,0.0006545331422277412,0.9999812141529165
1726263088.2126791,0,8.083853633041743e-05,0.0027615572219880304,0.0003900685109749392,-0.006538441325411719,-0.0009661204718708678,0.0013640455358794586,0.9999772271287201
1726263088.2289186,0,-0.00011833555725213052,0.003037133541556244,-0.0005936468239435362,-0.005462155043639664,-0.003187164983909753,0.0012299143719419806,0.9999792468607946
1726263088.2453477,0,0.0007297720287143731,0.0033365260541365492,0.003745300017243321,-0.00535100987811988,0.1927569653736692,-0.00011328228213831846,0.9812319329090055
1726263088.2631662,0,1.545518947249437e-05,0.0035326856391240747,6.077639944906306e-05,-0.0025229690131383,-0.0022068608848836643,0.0006198607108068663,0.9999941900656687
1726263088.2791655,0,0.00047784034589258166,0.0037362454707267553,0.0023417521735506113,0.00030440052999832775,0.0023544960221069827,-5.55926614111517e-05,0.9999971802951522
1726263088.2955256,0,-8.114476449869259e-05,0.0038356848698900274,-0.00025839919124896385,-0.005821013752193046,0.20136693552387092,-0.00016014890072766144,0.9794985693858625
1726263088.313727,0,7.282498635083416e-05,0.003941649924674582,0.00033015136562962016,-0.005013934721711896,-0.0016002309918214522,0.0009158805966659524,0.9999857303392443
1726263088.3292708,0,0.0008841782330785971,0.0040422596340506526,0.0045021449145840695,-0.006196334527395843,0.19161670208191547,-4.061815569522805e-05,0.9814502754963395
1726263088.3457103,0,0.0009238424390485859,0.004043261951613221,0.004693861544542256,-0.005894501545928854,0.1910617250891168,-0.00010534286842772347,0.9815603195730642
1726263088.3644593,0,0.0010817029544800305,0.003969138285332597,0.0053241010432395494,-0.005741550760431195,0.009143158836502392,0.0010954354064592077,0.9999411168977033
1726263088.38002,0,0.0015016636972900203,0.0039113190239683975,0.007400675009435585,-0.007160355087326875,0.014096961622288164,0.0013294053605458214,0.9998741109106838
1726263088.396236,0,0.001150818156943905,0.0037654143935127874,0.00566145431836701,-0.006962479700177769,0.010344082481461693,0.001199598851491726,0.9999215393202793
1726263088.413131,0,0.0019670576483766826,0.003657521194257868,0.009833854598351515,-0.0052021301680756065,0.17854151453896053,-4.413079873745342e-05,0.9839186264525747
1726263088.4303806,0,0.001981012642572206,0.0034522105979601014,0.009903500533442846,-0.004386789785140661,0.17815941324788104,-5.961906110107231e-05,0.9839918576858852
1726263088.446462,0,0.0020682107054334027,0.003167965912865956,0.010203237810201148,-0.0056722457365005734,0.021856013249324967,0.0009568882707890562,0.9997445797192338
1726263088.4629712,0,0.002467591206387627,0.0029309525638040465,0.012184166105999901,0.0002792903694252974,0.026722911864338776,1.5720462670758607e-05,0.9996428400840209
1726263088.4823873,0,0.0029697903438053387,0.0026403822165664294,0.014673513185756566,-0.006116869919453968,0.03511934548953669,0.0011106719029884348,0.9993637885588506
1726263088.4954116,0,0.0025583849935065495,0.0022653309935870614,0.012643487250783778,-0.003919459296879934,0.028646185137928,0.0007701288460158974,0.999581632893194
1726263088.5122278,0,0.0029801910591414136,0.0019121356593990394,0.014737015242643186,-0.004746725024992567,0.034981472111316574,0.0010330844184092277,0.9993761543818457
1726263088.5292277,0,0.003398205650244568,0.0015391296282196048,0.01681159653527166,0.008198218706249247,0.042645564689975636,-0.0009914320531966617,0.9990561356024001
1726263088.5459082,0,0.0033579525531559477,0.0011251054586715384,0.01660542908457051,0.007618733731198997,0.042656780902097985,-0.0010828029167127896,0.9990601490787464
1726263088.562369,0,0.003140728773064359,0.0006424766701873953,0.015535235142043516,-0.007026982280669046,0.039398148899914956,0.0013429459146522022,0.9991979803219968
1726263088.5795152,0,0.0028830701914710237,0.0002101546308969123,0.014269929389965932,-0.0006041943970501027,0.03611912867342617,0.0003667468534681159,0.9993472414480107
1726263088.5960124,0,0.003731304204384132,-0.00020019987347864296,0.01847505829538332,0.004461964606042156,0.051918778926091945,-0.0003554360353887149,0.9986412794051239
1726263088.6124196,0,0.003470788734049854,-0.0006379905471412578,0.017189949751133315,-0.002815482116708924,0.04662056939891407,0.0008023107327476309,0.9989083801164448
1726263088.6297596,0,0.0025931334432107165,-0.0011179356457581208,0.012954619010168299,-0.005192798722494867,0.16622117820821705,0.00022952192389788062,0.9860747953761856
1726263088.645852,0,0.00257411311207656,-0.0015286474886286531,0.01275534453454114,-6.302824054595783e-05,0.03280203830240815,0.0003373196387475617,0.9994618094385145
1726263088.662351,0,0.002391909524514857,-0.001943291507275225,0.011855376708571782,-0.001352272891309291,0.030369629136695876,0.0005304626096056705,0.9995376809273109
1726263088.6799338,0,0.002293869340324201,-0.0023493053840095346,0.011491005880284342,-0.005279533399917484,0.16956304138216097,0.0002941120226289764,0.9855051572784532
1726263088.6960318,0,0.0012382593677670848,-0.0027433759283183277,0.00616444848527778,0.0012974331890902764,0.015473523362028525,0.0001520105174272983,0.9998794245481238
1726263088.7126195,0,0.0020295821862597817,-0.003067660250066956,0.010078208965304985,0.0010037312173205011,0.026145584605429064,0.00021609492191152586,0.9996576185035897
1726263088.7302191,0,0.0015387745271946845,-0.0033672190872385236,0.007647756419697135,0.0023970724513759285,0.019865308299906854,-0.00012785448372273624,0.9997997835682119
1726263088.746238,0,0.0008210279591613696,-0.003662522229970464,0.004237837392179184,-0.003936793652385146,0.18708639751104722,0.00011036890678337374,0.9823355686020848
1726263088.7628884,0,0.0004753992447116697,-0.003890671700398846,0.0023969079277052175,-0.004253726055643146,0.007065916494338188,0.0012543128162230545,0.9999652020636006
1726263088.780805,0,0.0005285174017262,-0.004079643104385796,0.002665292208727316,-0.0012274331384010252,0.007965614063694863,0.0007103964384289962,0.9999672683330088
1726263088.7961528,0,-0.00047005277330417454,-0.0042550017310190175,-0.0021041899557933275,-0.004666788005351637,0.20062176254584527,0.0002569774792833979,0.9796576256250379
1726263088.8126473,0,-0.0005067112733347285,-0.004355044116877172,-0.002283506102785559,-0.004683408815953035,0.20100091386764024,0.00026689021948518105,0.9795798216969595
1726263088.8302977,0,-0.00051375121451119,-0.004437891921331593,-0.002487460503334692,-0.0021809373676538817,-0.0027809806876039505,0.0008575408662380299,0.999993387119273
1726263088.8463318,0,-0.0006818868548387019,-0.004442576644908579,-0.0033218085884035645,-0.0007067397658998612,-0.0043439316972983325,0.0005020486222517746,0.9999901893136219
1726263088.8625638,0,-0.000731378447476697,-0.0043717180760268915,-0.003562126000922961,-0.002161118230828444,-0.0050683875130525125,0.0008411554241110182,0.9999844666161383
1726263088.8814678,0,-0.001462342260201607,-0.004326274460937866,-0.007172444595542779,-0.0004351621541395282,-0.011972662781022237,0.000529545170146817,0.9999280901953621
1726263088.8964126,0,-0.0014716352181535332,-0.004221708651516446,-0.007217290690996341,-0.0015248953767061047,-0.012223611942818955,0.0007717582470034138,0.9999238282961206
1726263088.9126747,0,-0.0014719626309578013,-0.004032603233700579,-0.007044954634523718,-0.004344289527856591,0.21024869239819827,0.00017613748246001198,0.977638268210146
1726263088.9292345,0,-0.0013928670564009478,-0.0038244400961739045,-0.006839113804608808,-0.0011474344185129369,-0.011547061538635304,0.0005875373117517286,0.9999324995038342
1726263088.946909,0,-0.0004881356874177314,-0.0035483593737712215,-0.0022059239552619453,-0.004451103241382814,0.20128173501146032,0.00015448304452169185,0.9795232651477451
1726263088.9628272,0,-0.0003779189346303642,-0.0032478662320346713,-0.001829598308260819,-0.0011447829318941432,-0.0021074233751130636,0.0005678946292877909,0.9999969628626114
1726263088.9797635,0,-0.0005142837178999644,-0.002934271070110835,-0.0025016074548444163,0.0030359411708960975,-0.0038444906941958834,-0.00028482034876053757,0.9999879608424684
1726263088.9966745,0,-0.00045845390311595864,-0.002562489493241411,-0.0022258669116062705,-0.0034745825391412554,-0.0035547217545082057,0.0010809935635579023,0.9999870612574656
1726263089.0126932,0,-0.00033719915448736403,-0.0021958354861129903,-0.0016339274853751015,-0.0008642728067984374,-0.0028900259142682844,0.0004864165875802786,0.9999953320799221
1726263089.0294645,0,-0.0006877379782088425,-0.0018118524007045692,-0.0033719391193875988,-0.0012426968424697504,-0.006081883263994869,0.000469427230217207,0.9999806228315609
1726263089.0483763,0,-5.343980626571475e-05,-0.0013341265077916507,-0.000237217205473725,-0.003651777485923961,-9.837680562282771e-05,0.0010261935032952229,0.9999928008591318
1726263089.062723,0,0.00013632616824011605,-0.0009114687184810972,0.0008586883777864181,-0.00520957702042591,0.19653463738175753,0.0001247126307489312,0.980483034561664
1726263089.079281,0,0.00040220335748803533,-0.00043974825117805053,0.0020115031828950264,-0.0008309743435158394,0.0035316190674373397,0.0004884803738199432,0.9999932992452136
1726263089.0991242,0,0.0003397427029899805,-2.0440939099113912e-06,0.001849970963390256,-0.005301876420154615,0.1949207953913214,5.118335838337704e-05,0.9808046548679833
1726263089.1128073,0,0.0003225272169165262,0.00040751665823527154,0.0016031741767371186,-0.001614465073392033,0.0028985247173972904,0.00047511013449945427,0.9999943831479003
1726263089.1295,0,0.0004128343030043628,0.0009007293898427452,0.002204156387248439,-0.005003175222896423,0.19479903810251567,8.43571285076979e-05,0.9808304113739024
1726263089.1462996,0,0.0005332094264582673,0.0013152621332160332,0.002795929606466825,-0.0057848671816307165,0.1937486698161473,5.574156169605842e-05,0.9810341406643516
1726263089.1630237,0,0.0005890114431111988,0.0017203933458365581,0.0029123071553419284,-0.0027763006671244943,0.005108622781105009,0.0006517499512483232,0.999982884528474
1726263089.1797,0,0.0006329220846345223,0.002121627637300968,0.003281877314057081,-0.005634062706247261,0.1932159095216317,4.114012648801967e-05,0.981140085794399
1726263089.1964533,0,0.00021683828416367234,0.0024487846076807454,0.0010660021080115471,-0.0012764960422323598,7.613337636031788e-05,0.00038412615315176735,0.9999991086039336
1726263089.2131083,0,0.0006698323816576726,0.002824646679798426,0.0034516910309132713,-0.004569097062038484,0.19303443716531146,-0.00010608210206755283,0.9811813380649353
1726263089.2292845,0,0.0005109422973828332,0.0031023779549201164,0.0025145906126392515,-0.007455219451185707,0.0031514768547394293,0.0015542868250393478,0.9999660354677223
1726263089.2461529,0,0.0003195667279110193,0.003333579391174571,0.001560141379399568,-0.0003221509888766255,0.0010406152033515736,-1.5100024134636175e-06,0.9999994066680533
1726263089.263053,0,-0.00011546907236983226,0.0035353410575816994,-0.0004248090009097872,-0.0056428358312701765,0.20156710983954482,-0.00015487466944738318,0.9794584394697669
1726263089.2799938,0,0.0001009890456796057,0.003733998733149399,0.0004808372872924856,-0.0014587230393736958,-0.0013832652842575937,0.00029285196330108306,0.9999979364688586
1726263089.2967203,0,-6.13842004760285e-05,0.003838501384553873,-0.00015649432776169666,-0.005489281264063913,0.20111700502740207,-0.00016549866080486046,0.9795518315485942
1726263089.3130677,0,7.98558180583874e-05,0.0039413198874080485,0.0003689917101572563,-0.004484416680215129,-0.0014491316084869412,0.0007976600994452408,0.999988576816248
1726263089.3297026,0,0.000886134189004144,0.004041732257947562,0.00450588095626475,-0.005586438561111431,0.19144315444320278,-0.00015612106096108997,0.981487792052073
1726263089.3469079,0,0.0009241886769480025,0.0040425053834547715,0.004694048354284891,-0.005721407121325533,0.19100976353733548,-0.0001490221295628743,0.9815714510550764
1726263089.3633652,0,0.0010209169530396086,0.003962804114957539,0.005170807063174844,-0.004985944458372354,0.18984464136509302,-0.0001438119111825321,0.9818014727127636
1726263089.3799355,0,0.0010583033809428539,0.003868090603664502,0.005357024656651186,-0.004690057389925882,0.18939216060345831,-0.00010063045691523425,0.981890321134262
1726263089.396826,0,0.0010681194113910455,0.0037584930838447093,0.005403657429877744,-0.005356200162528023,0.18920781061581143,-0.0001318211752545602,0.9819224501685293
1726263089.4134789,0,0.0018577238768443013,0.003641182840892086,0.009161853096772051,-0.005868683842720222,0.01877326577264151,0.0010849702747522808,0.9998059541139405
1726263089.4297998,0,0.0014189073319387916,0.003391186825195988,0.006994007286763602,-0.007609370181873399,0.013402771743714742,0.0014319101576764934,0.9998801992380495
1726263089.4471486,0,0.002005916934388061,0.003158681835147492,0.010031502573262026,-0.005285081103650264,0.17769626671421188,1.4988157646118996e-05,0.9840711887302233
1726263089.463409,0,0.0021355706390163718,0.0028667808993057425,0.010547774418894998,-0.005652970557189399,0.022773717606668496,0.0011158065984102088,0.9997240402660558
1726263089.4797597,0,0.002220990287209203,0.0025648595387761314,0.010968882507350059,-0.006432497125579829,0.02433407669844522,0.001158884999902287,0.9996825159406963
1726263089.497567,0,0.002990971659224417,0.002251617140922767,0.014788214281467173,-0.00017931917933636715,0.03572734402445197,0.0002535253181596882,0.999361526404986
1726263089.5132842,0,0.0030072845143756027,0.001852476047174633,0.01487356263176097,-0.0010596013493627246,0.03643155203198889,0.0004077123038694075,0.9993355057397882
1726263089.5301366,0,0.0035225999143782016,0.0014905164568089595,0.01742175108661186,-0.003991977976162312,0.045362635731229096,0.0008009454266387656,0.998962288516327
1726263089.547678,0,0.0032894879872336844,0.0010655343283203745,0.01627495150113371,-0.004514509152151938,0.04138506358861928,0.0009556759357373175,0.9991326150228441
1726263089.5633895,0,0.0029143254197667714,0.0006214986678036304,0.01452405590097817,-0.00514747318031318,0.16265079065483884,0.00015526679644370386,0.9866702588562379
1726263089.5797515,0,0.0032393409458500214,0.00020296174440597283,0.01603040174619645,0.006943605329012008,0.04148980683652608,-0.0009091788380044397,0.9991143856774073
1726263089.599973,0,0.0035782749886295075,-0.00022935296550026147,0.017708726046170024,-0.0072744970302779845,0.04842856546158867,0.0012813788483815294,0.9987993361073766
1726263089.6136587,0,0.0027653477110066538,-0.0007014826610570846,0.013695388557296703,-0.0026316715921633487,0.03494795681967305,0.0007257394261253903,0.999385405097076
1726263089.6300242,0,0.002632013520362986,-0.0011207416400052478,0.013039115127947096,0.0007991270272737306,0.03351676320620726,0.0001234364239560656,0.9994378283533312
1726263089.646368,0,0.0025297087299389768,-0.0015780674889925373,0.01253585583052376,-0.003697467166818921,0.03151755954120593,0.0008615472224364353,0.9994959879426731
1726263089.6636832,0,0.0026070152374934596,-0.0019812643945163926,0.012923645873900819,-0.00043548452039257016,0.03257536337546949,0.00040745168660127526,0.999469104093424
1726263089.6799154,0,0.0023035878946945348,-0.0023533881372029383,0.011422827102164133,-0.000507826028975773,0.029670015711747214,0.0003703175295693793,0.99955955057481
1726263089.6965814,0,0.0016837828146209698,-0.0027536949867889814,0.00836054226261066,0.004185247850686583,0.021077649155841094,-0.0004478060028554726,0.999768981253307
1726263089.7153583,0,0.0019367621460643564,-0.0030787316783899283,0.00961744263560641,-0.0019963409366956925,0.02478497737777371,0.0007259920811465237,0.9996905483472102
1726263089.730165,0,0.001828213361076741,-0.0033828423682428707,0.009082889215396127,-0.001717324755122226,0.023385814780293394,0.0007198957106113978,0.9997247802334966
1726263089.7469964,0,0.0007766591535125228,-0.0036696751528671806,0.003885508434038746,-0.0010530825588486183,0.010710908607066541,0.0005894589142559193,0.9999419083087396
1726263089.766202,0,5.229945643393972e-05,-0.003923041501649979,0.0003157854218066889,-0.002999203043705046,0.002304844462141226,0.001176738819582283,0.9999921538486481
1726263089.7810023,0,1.3812983644627284e-05,-0.004117923579136271,0.00012392931409103657,-0.004902311432715172,0.0020442253217689815,0.0014761746647040312,0.9999848045814546
1726263089.797056,0,-0.00047944969147929175,-0.004257339085770973,-0.002153003810018148,-0.004620717245956576,0.20080853142615673,0.0002558625409365798,0.9796195778019973
1726263089.813923,0,-0.0005075803365724756,-0.004356197858107991,-0.002290048222526409,-0.004674108937786907,0.20100418554652558,0.000260397522227122,0.9795791965387719
1726263089.8306823,0,-0.0005079206981957409,-0.004441662805284845,-0.0024580772079828453,-0.000942529052695799,-0.0027094267106360726,0.0005910322141250414,0.9999957106542039
1726263089.8472064,0,-0.0006280718941724259,-0.004445750083253833,-0.0028849705412555874,-0.003325036987795285,0.20210509620701442,0.00021745875963973815,0.9793581709098418
1726263089.8642406,0,-0.0007762477275148747,-0.004374816333868277,-0.0037845083863553668,-0.0033400172828390784,-0.005543336904495408,0.0010546732556891742,0.9999785014513248
1726263089.8805633,0,-0.0014661602980572748,-0.0043256408960035955,-0.007197553082319612,-0.0008824697871267575,-0.011872377119387389,0.0005084345373122395,0.9999290021811204
1726263089.8973148,0,-0.0013202989294942265,-0.0042087783293036285,-0.006477508420304905,-0.0038209896085658604,-0.010834013822335946,0.001176126923510731,0.9999333182309551
1726263089.9142249,0,-0.0015062706535105257,-0.004028797358285454,-0.007215004805687096,-0.0040814678798446,0.210489812197405,0.00014220749964908365,0.977587520561752
1726263089.93077,0,-0.0012985338144266248,-0.003815462387549787,-0.006366008147140919,-0.002315398114588607,-0.010836872160637155,0.0009129621557617278,0.9999381819059852
1726263089.9471586,0,-0.0004894942457243603,-0.003546174822340716,-0.002203778870218054,-0.004737403738950377,0.20134609416431293,0.0002179153567441593,0.9795086829035703
1726263089.9646807,0,-0.00038723957728898614,-0.003244461608393686,-0.0017112500553590447,-0.004160557390608296,0.20034111653884515,0.00011525886783551325,0.9797173640910738
1726263089.9807177,0,-0.0009471542794051986,-0.002925264449551069,-0.004643783140633795,0.00037687228367650215,-0.007920450681355473,0.00020391622515020287,0.9999685409283929
1726263089.9971485,0,-0.0002061769221087439,-0.002539080854052681,-0.0008183654222383374,-0.004952265522634649,0.1991292822647472,0.0002148427007169097,0.9799606919940891
1726263090.0144722,0,-9.689989238215345e-05,-0.002136925065014232,-0.0004456038330256021,-0.002368748662306313,4.306569272362874e-05,0.0007800004146240038,0.9999968893823992
1726263090.0305703,0,-0.0005456171797647518,-0.0017742227473077643,-0.0026659060215167537,-0.00674132559354192,-0.00501312780424625,0.0017041083713971543,0.999963258871804
1726263090.0473454,0,4.1897583644773606e-05,-0.0013221060621486933,0.0003942961878102013,-0.005348534252930714,0.1973216318592115,0.00016429064336814228,0.9803242013692958
1726263090.0661116,0,-7.711977803280667e-05,-0.0009036033451452836,-0.00035256284302621384,0.001098513762673504,-0.0008057154478151354,0.00013880638786174448,0.999999062411019
1726263090.0809395,0,0.00035521633523752426,-0.0004091081846098472,0.0017762650024781884,-0.0010205497809196026,0.0037622837784165738,0.0004267626657647451,0.9999923107567089
1726263090.097126,0,0.0004232846339251615,6.641418666008059e-06,0.002105751733066062,-0.0032546583970413244,0.004284108706734828,0.0008201271681817431,0.9999851903917055
1726263090.1137967,0,0.00018789252279517892,0.00045054003608380324,0.0009395890282725878,-0.0027832068687965207,0.000827371320996838,0.0008005608314185808,0.9999954641490019
1726263090.1313481,0,0.00047206920966861606,0.0009081828773423386,0.002496381939992638,-0.005697004551872794,0.194222772892372,9.31670328122881e-05,0.980940900334489
1726263090.1474986,0,0.0005238049485464745,0.0013182585613854333,0.0025981002100674837,-0.0016081858267390462,0.004455044378232081,0.000556998770814757,0.9999886279704904
1726263090.163958,0,0.000488453160530061,0.0017324608127064363,0.002414796027009906,-0.002921890055737837,0.0037252591535143504,0.0006871468987240162,0.9999885563504619
1726263090.181756,0,0.0006508877763159633,0.002125792932958354,0.003366208388112558,-0.0052807644979588775,0.1928693740096548,-3.79327965326016e-05,0.9812102306114342
1726263090.1971586,0,0.000717411686719451,0.0025208512876721627,0.0035442453290539257,-0.004401206655194659,0.005792176971789785,0.0010341373516804802,0.9999730049485553
1726263090.2141862,0,0.0007103593625187492,0.0028308580899066775,0.003654037541788762,-0.0054404227138293414,0.19271991813974124,-5.5907043113761664e-05,0.9812387231593079
1726263090.2336745,0,0.0007508282260092351,0.003131190335358065,0.003854829381805589,-0.005657163509724407,0.1925387529794308,-2.761513542537923e-05,0.9812730630866997
1726263090.247207,0,-7.515346733900244e-06,0.0033316951513805387,-5.2306102051051864e-05,-0.00218416416616131,-0.0022333667845753132,0.00045306372519205904,0.9999950181040712
1726263090.2645082,0,-7.168257876050382e-06,0.0035442288276066472,-5.594712433757452e-05,-0.006008453107029521,-0.0022404513102146583,0.0012408567017160113,0.9999786693444181
1726263090.281382,0,2.5602575995001315e-05,0.0037354713771069617,0.00010806172392784095,-0.002894600472290413,-0.002120218868194942,0.0006602742440024467,0.999993344976845
1726263090.2979958,0,1.3972637022951442e-05,0.003844100446002342,5.190290732929392e-05,-0.005642851089127834,-0.00223958001138547,0.0011936241526596593,0.9999808587039757
1726263090.31414,0,9.512741186047849e-05,0.003944292587224804,0.0004503909887536112,-0.004390482023436722,-0.001518763528149271,0.0008993965811312914,0.9999888039926933
1726263090.3316069,0,0.0008850071269582452,0.004041956702467948,0.004501436631206473,-0.005742106967594264,0.19143174124243434,-0.0001384671245256777,0.9814891224457446
1726263090.3479064,0,0.0009261519590199648,0.004042223682627937,0.004709180460979359,-0.006350951126323365,0.19117021618362695,-3.0242331416507505e-05,0.9815363533509586
1726263090.3645785,0,0.001009002383173133,0.003960277853671727,0.005117753592313553,-0.005574506120267038,0.1901544306041787,-3.386749808689604e-05,0.9817383644617889
1726263090.3818219,0,0.0010383069503486402,0.0038618051154969114,0.0051126942304164195,-0.005636429435961581,0.008667528791996922,0.0011600676041754615,0.999945877960906
1726263090.3978794,0,0.001057724500303177,0.0037550625451237647,0.005356120853036932,-0.005983247330444444,0.1894580865964842,-4.087813446847753e-05,0.9818705782859367
1726263090.414414,0,0.0013596208784265652,0.0035888452142510932,0.006701462213494819,-0.007120679034335571,0.012610118440591636,0.0013587110638808085,0.9998942117780506
1726263090.4321558,0,0.0010279202299248113,0.0033527178584590645,0.005211033207091257,-0.005437729882975584,0.18950041870080298,-4.512980074221256e-05,0.9818655816196233
1726263090.4480062,0,0.001997335622194567,0.0031543547292070847,0.009992420036226636,-0.005850123966023241,0.17796615775799007,9.778011789512544e-05,0.9840192138273972
1726263090.4642699,0,0.0020389842617097435,0.002855844883244936,0.010199360915522017,-0.00540026857799047,0.1770788763275352,6.261328956957676e-05,0.9841818453606218
1726263090.483766,0,0.0021701619919111265,0.0025530780100416393,0.010720016907662056,-0.002434208527324644,0.023675248616634673,0.0004907932097688946,0.9997166180242336
1726263090.4977353,0,0.0027306335383636706,0.002219103366200466,0.013500944719677267,-0.004652628133431088,0.031597452869109775,0.0010209921981008201,0.9994893254050129
1726263090.5144134,0,0.0030282326495794927,0.001847100671973301,0.015079669740786467,-0.005416218327931785,0.16210865258675222,0.00017132483489265999,0.9867580351754591
1726263090.534888,0,0.0030584412115088094,0.0014416080360780007,0.015130195311993552,-0.0022446954092470005,0.03778954567368564,0.0006107077873849741,0.9992830122724465
1726263090.5482109,0,0.0029786254376463713,0.0010313572987167932,0.01483987300449038,-0.0052883532136265045,0.1622230898439168,0.00021264214161550204,0.9867399136677811
1726263090.564115,0,0.002896993476036718,0.0006179295819589036,0.014440025846346903,-0.005220779708098378,0.16306027037621035,0.00019381195909041305,0.9866022775774447
1726263090.5810187,0,0.003241509405123938,0.0001557657953054401,0.01604707786400012,-0.005423413429719343,0.04143773648489453,0.0011569819451000358,0.9991256987859722
1726263090.5985954,0,0.002822111381537861,-0.0002957645447747151,0.013976842063235378,-0.001747142538286569,0.03543211339208816,0.0006126948452534763,0.9993703705026219
1726263090.6144402,0,0.0027237444547471906,-0.0007143833566592656,0.013494117302541447,0.0015427144571413716,0.03422973302526437,0.00010530523917514595,0.9994127947549649
1726263090.6314027,0,0.0026954318239976894,-0.0011378139757285501,0.013356244607679793,-0.00016321730688092175,0.0337649989106601,0.0003502950948314704,0.9994297251443046
1726263090.6508498,0,0.002470074450990303,-0.0016202796845119082,0.012237880144935891,-0.0011280489104279175,0.031248092976983464,0.0004298784135064962,0.9995109301030715
1726263090.6642597,0,0.002394901593209682,-0.002032829988879351,0.011873318927573092,-0.000241157650743087,0.03037265038751897,0.0004158375684332997,0.9995385290375464
1726263090.6811354,0,0.001891420062010292,-0.0023869277551832983,0.009384260184846996,-0.005941734816905643,0.023366043117883296,0.0013211338605280956,0.99970844670919
1726263090.6982846,0,0.0020245289685129233,-0.002762297741439873,0.01004357998711371,0.00031037183423027464,0.025825268914180268,0.0002480345445730347,0.9996663931700913
1726263090.7147653,0,0.0012733122906921125,-0.0031293635552372347,0.006335066027308607,-0.0036543868001504085,0.01608526663548816,0.001026138800882878,0.9998634190195888
1726263090.731344,0,0.00121923260963795,-0.0034289120611916647,0.0060714070023228164,-0.005088793095252588,0.015350718825149682,0.0013509103449872663,0.9998683086575075
1726263090.7483451,0,0.00042039951992806784,-0.003696442136894233,0.0021212251712203643,-0.006125712034164298,0.006415600616473595,0.0015159343652798973,0.9999595080121016
1726263090.7647545,0,-0.0001643366604459697,-0.003942249070294984,-0.0007593528459486134,1.976018181991414e-05,0.0003950465066875171,0.000486327170816526,0.9999998035168185
1726263090.7820263,0,-0.00020126923814998003,-0.004134080475794624,-0.0009417380016584238,-0.002440309941505467,0.00012157462307389615,0.0009095860023512727,0.9999966013743771
1726263090.7989922,0,-0.00048548866479958323,-0.004258512977181317,-0.002177023929540016,-0.004964235492599799,0.20085711497949627,0.0003132921895144602,0.9796079203314413
1726263090.8149579,0,-0.0005176639974109694,-0.00435665923219137,-0.0023359407152449695,-0.004825019159075074,0.20111864204549088,0.00029677185342867575,0.9795549616730851
1726263090.831621,0,-0.0005965238980928815,-0.004437677796422045,-0.002896171757803927,-0.0016505063539742815,-0.003455652803796286,0.0006822391883579263,0.9999924343924632
1726263090.8486838,0,-0.0009824521442706549,-0.004435391730318092,-0.004804261370088904,-0.00039079898941469973,-0.0072543335780679424,0.0004209875362641638,0.9999735219944488
1726263090.8654447,0,-0.000647114204510239,-0.0043610434993812406,-0.0029761235966928763,-0.004280660525048959,0.20232193005281454,0.00021825022558862834,0.9793096879598466
1726263090.8815365,0,-0.0012623548786888602,-0.004309020145958422,-0.006182823517516131,-0.002916084743707744,-0.010331476911239897,0.0010528726311928073,0.9999418225546037
1726263090.8990848,0,-0.0008194582359991988,-0.004171102374815448,-0.003997435525230893,-0.0032722799047090983,-0.0061995847982694256,0.0011131685415856074,0.9999748087768773
1726263090.9152374,0,-0.0014067037384066852,-0.004021513665184993,-0.006898047401985581,-0.0008673693074410949,-0.011762792783328058,0.0006487268893317127,0.9999302293309489
1726263090.9312458,0,-0.000754771522998776,-0.0037740473744419466,-0.0036801847382318957,-0.004421166622536865,-0.005827834531043718,0.0013103834401537767,0.9999723858815374
1726263090.9486713,0,-0.0010510707979530314,-0.0035333147298329927,-0.005157008333300813,0.0010718365325857351,-0.0085113078554651,5.1772843632986686e-06,0.9999632037121329
1726263090.9649427,0,-0.00036397243676909377,-0.003236194890377669,-0.0017586355441887667,-0.00048522450094483707,-0.0019659210861412576,0.0004401853488175477,0.9999978529718578
1726263090.9816477,0,-0.000632069361953703,-0.0028729906689033764,-0.003085666852761128,-0.00431639292961262,-0.0050057115753788795,0.0011878225385950243,0.9999774500864098
1726263090.998634,0,-0.00017492746688301016,-0.002533256485887124,-0.0006699264209447757,-0.0046257888065391085,0.1987056114928616,0.00010233629287718514,0.9800483006293355
1726263091.0149846,0,-6.38445195130368e-05,-0.002127666502510298,-0.0001226962519458972,-0.004840106919048193,0.19784381057027933,0.00012369232410304126,0.9802215997845858
1726263091.0315554,0,7.922308444127919e-05,-0.0017213971188003087,0.00042171446183704805,-0.0023229795029257243,0.00173126621372362,0.000717500236541558,0.9999955458285485
1726263091.048705,0,5.1268490897343646e-05,-0.0013168828032950172,0.00043935643952926,-0.004414963361399835,0.19718117158607765,0.00011281308673176911,0.9803571190865432
1726263091.0650425,0,0.00018172126481901405,-0.0008283489015525581,0.0009227166438713485,-0.0021818018583517774,0.001997760985762036,0.0007269531659980329,0.9999953601046302
1726263091.0814238,0,0.00028489594103611076,-0.0004047909720957908,0.0015911801266198697,-0.005753341291859913,0.1953762378011888,0.0001699080994894628,0.980711474337825
1726263091.0988364,0,0.0007995310088483549,8.522999367581906e-05,0.003969513733673601,0.0015945135753494756,0.007893578018431522,-0.00011912957986327331,0.9999675668543797
1726263091.1148658,0,0.00048122443568647424,0.0005079196299189526,0.0025457548692954753,-0.0049670091114276,0.19377388333247678,5.839022065804123e-05,0.9810336424146324
1726263091.1318438,0,0.0006542390758789712,0.0009258617439243418,0.003242352017447832,-0.005875007575412118,0.006174095917917977,0.001294747086737737,0.9999628435374819
1726263091.1494448,0,0.00018879652708734483,0.0013562135229724097,0.0009397255785453002,-0.004755480944215629,0.0007045735506993511,0.0010750984412311244,0.9999878664966103
1726263091.165138,0,0.0006405439992574383,0.0018096886390625594,0.003164607618704635,-0.004793163570184099,0.005588606802826619,0.0009622928001680357,0.9999724331448141
1726263091.1811745,0,0.0005483833486911654,0.0021310763721107003,0.0027072755661056228,-0.0019317826050836175,0.0042589161411932495,0.0004398854428668819,0.9999889681141818
1726263091.2000597,0,0.0007470240266232217,0.0025318248294127557,0.003840343725604995,-0.005665371285945268,0.19217103303897884,-5.521993767207017e-06,0.9813450960790663
1726263091.2152042,0,0.0007027752616173393,0.0028357139540020316,0.0036188825914912617,-0.006055245322903025,0.19284367899618599,-3.5392192170929865e-06,0.9812108078607621
1726263091.2317665,0,0.0007673667692003523,0.0031360951278719424,0.0039329015325706125,-0.005432014996856782,0.19227502525693915,-6.586271761159564e-05,0.9813260434420458
1726263091.250058,0,-6.82756700860576e-05,0.003341447327987557,-0.0003530717144057862,-0.005898793960457022,-0.00269398205373656,0.001194353803467938,0.9999782598684326
1726263091.2654166,0,0.000752411652724627,0.0036248918080115347,0.003701038401227785,-0.006248400737808606,0.0056234860916609284,0.0012551346734084574,0.9999638786122969
1726263091.281984,0,-6.574780730719686e-05,0.0037401853597491368,-0.00017604020321895474,-0.0055436878176908675,0.201188381650265,-0.00012107036970896592,0.9795368742197983
1726263091.3008473,0,0.0004920705208894353,0.00389649378662536,0.0024150111169192095,-0.007233248519012441,0.0024787004045894803,0.0015423128876002339,0.9999695782528203
1726263091.3154395,0,0.00018017277250223173,0.003960046402818429,0.0008734124266859485,-0.00637157985563663,-0.000727345551938007,0.001377370400796969,0.9999784881633056
1726263091.3331323,0,0.0008879939460772249,0.004043521006812015,0.004524596281234474,-0.006652931160752356,0.1917154020609517,4.8759371661510824e-05,0.9814280109830275
1726263091.3511028,0,0.0009276873932490138,0.004043282091979259,0.004717471290237722,-0.006350733135060017,0.19117586913705717,-1.9742391123932373e-05,0.9815352540069949
1726263091.366313,0,0.0009991300256359103,0.00395897977434068,0.005070733125667105,-0.0057852268365583175,0.1903027903338101,-2.5756652211810484e-05,0.9817083978851411
1726263091.382009,0,0.0009796248180218895,0.0038575924348851,0.004975423635836475,-0.005875755319706741,0.19043568304043434,-1.929884739856578e-05,0.9816820899618678
1726263091.3986871,0,0.0010537298468090788,0.0037527465782352942,0.0053324033845649444,-0.005575017091721412,0.18933417828199262,-0.00016352459262707197,0.9818968690134505
1726263091.4162529,0,0.0011154930653462108,0.0035630174520435666,0.005490727402968739,-0.006515485407202081,0.009986475037939148,0.0011721598882244993,0.9999282198275141
1726263091.4320734,0,0.0010098709971552596,0.003349536174684244,0.005121825847947596,-0.005634302534048301,0.18963901304691472,-8.446363572246815e-05,0.9818377117586394
1726263091.448831,0,0.001986346837924377,0.0031523147157519475,0.00994176509050556,-0.00608468125810239,0.17813427323798794,0.00013127813970840145,0.9839873678650611
1726263091.4683683,0,0.0020287784539821715,0.0028526366860555743,0.010149213667964936,-0.005814784133524025,0.1772787093155532,0.00010499444443864247,0.9841435040099888
1726263091.482724,0,0.0024268928421682513,0.0025526202931920373,0.011993532748115623,0.003209605205580031,0.026744908488449612,-0.0004250142185494414,0.9996370479665522
1726263091.4994507,0,0.002147659233609772,0.0021611138317051016,0.01061982131366528,-0.005112381965385154,0.02341168222387607,0.0011314294311781043,0.999712196861442
1726263091.5165856,0,0.003011549731082512,0.001843770645655747,0.014997703634549182,-0.005355177771526123,0.16236231400444864,0.00017541601070705844,0.9867166616062483
1726263091.5326245,0,0.0029866548086299933,0.0014342540957893676,0.014878607184148776,-0.00520516785515087,0.16237367017003826,0.0001982454936529483,0.9867155913239821
1726263091.548928,0,0.0029389473535108147,0.0010226636795170963,0.014543686467156378,-0.001891808446940413,0.036147608261735874,0.0005768593475871503,0.9993445045183614
1726263091.566139,0,0.0029769615009187828,0.0006130100688406334,0.014728983959989334,0.0007308167227219292,0.03705244857057262,8.173363132155162e-05,0.999313051691739
1726263091.5824454,0,0.002860150474525354,0.0001173724154320403,0.014159882108858756,-0.0021795109277230767,0.03569079221195561,0.0006667830056048432,0.9993602816221098
1726263091.59834,0,0.0027219533436765183,-0.0003045802923394387,0.013586017990952217,-0.005258790248007209,0.16493420662696637,0.00022291116772680787,0.9862905266299946
1726263091.6154451,0,0.002511323399867414,-0.0007551564623127047,0.012437633849138327,-0.0036752411226172507,0.030018843673861907,0.0008595779780892731,0.9995422065890336
1726263091.633636,0,0.002432548731267577,-0.0011902648414814586,0.01205433211007738,-0.0012187780612603913,0.029808280778107713,0.0005062264701011043,0.9995547632380388
1726263091.6497686,0,0.0024182846261719556,-0.0016307653558182797,0.012103680844864913,-0.00541567734908289,0.16838536305367655,0.000296674037797087,0.9857063213415278
1726263091.6665006,0,0.0023307977887541014,-0.002042867896967098,0.01167489430504078,-0.005062104636796275,0.16920451362876462,0.00026497325099903986,0.985567926351845
1726263091.6870975,0,0.0014961016143034242,-0.0024368628958717016,0.007432588143897467,0.0009389706435186719,0.018360152480702413,0.0001320835969277588,0.9998309885620367
1726263091.6995568,0,0.001567538287021988,-0.002804957090038885,0.007788202366616062,-0.006278399130330684,0.019359594085816924,0.001453246789240372,0.9997918162772499
1726263091.7165008,0,0.0010221941992594123,-0.003147531034469008,0.005236598658684177,-0.0044618036456681685,0.18521699765600255,0.0002450130434927577,0.9826874864656273
1726263091.7332547,0,0.0009800344080675627,-0.003447170183368916,0.004890665244831788,-0.0016558834358522951,0.012953055920042979,0.0006879824605524287,0.9999144978809504
1726263091.7501793,0,3.2054615947929666e-05,-0.0037250124782556714,0.00020297284215339232,-0.003695912385159627,0.0023844191602462026,0.0010467220346632097,0.9999897795227168
1726263091.7664986,0,-0.00010512808769977515,-0.003948078200877758,-0.00047255684234982255,0.00015534253192945975,0.001213608645768894,0.00033691019958229616,0.9999991947568109
1726263091.7844646,0,-0.0002793352620203694,-0.004140406337618955,-0.0013296452640077156,-0.0012605651031639355,-0.0005893815821034104,0.000664574014663728,0.9999988109724683
1726263091.800991,0,-0.0004942396121278693,-0.0042596866517486615,-0.002225108334729916,-0.0044949506293196105,0.2008853668313849,0.00021065754667482216,0.9796044203836862
1726263091.816508,0,-0.0005187906638084695,-0.004357046842485712,-0.00234532754695812,-0.004560159985234179,0.20109282276628723,0.00023559915375287883,0.9795615478701859
1726263091.8325691,0,-0.0005563946269105966,-0.00444095906429568,-0.002697140531845645,-0.0009980388954957927,-0.003096724377562157,0.0005861055487998371,0.9999945353334578
1726263091.8509653,0,-0.0007917640232915365,-0.004439150990037363,-0.003858582445996084,-0.0003341931233036321,-0.00551173011750286,0.00047083045183011357,0.9999846436144676
1726263091.8673105,0,-0.000637776962671721,-0.004360466670552384,-0.002932101810728586,-0.004173088933986813,0.20223857628461417,0.0002176593619225742,0.9793273692772624
1726263091.8833647,0,-0.0010847820215419382,-0.00429622625804821,-0.005311138139435754,-0.004675214055186841,-0.008605053632206929,0.0013088683762344008,0.999951189953339
1726263091.9006743,0,-0.0006404581494736813,-0.004154664145162744,-0.0031136518007359912,0.00022078340069218912,-0.004192529384444942,0.0003648780976771033,0.9999911203685883
1726263091.9162958,0,-0.0011745797081074627,-0.004002577355525974,-0.005757847964364179,-0.003574109653954715,-0.009569413541809485,0.001087038704117605,0.9999472338136163
1726263091.9341764,0,-0.000522887707518188,-0.003754063738429875,-0.002366743921653757,-0.0046274206389069665,0.2015819106978558,0.0002566467901307178,0.9794606956841388
1726263091.9505289,0,-0.0012958380312009259,-0.0035245291086932963,-0.006359068355758371,-0.000747053330717568,-0.010904585900750097,0.0005506352448544224,0.9999401125659882
1726263091.9669957,0,-0.0006600359631867709,-0.003222436226093339,-0.003221531661037004,0.0003955815429159117,-0.0051845444317485945,0.00022138756212686947,0.9999864574092119
1726263091.983479,0,-0.0002784874954347409,-0.0028430502050627525,-0.0011666317009714077,-0.005110937285765078,0.1997552231345601,0.0002822347539717218,0.9798324599104006
1726263092.0016518,0,-0.00016219689019446545,-0.002528111009179563,-0.0007623125530999962,-0.0006024417854133197,-0.0002957497967234255,0.00044781555317367853,0.9999996745285387
1726263092.0159245,0,-6.341342863365038e-05,-0.002123139711611841,-0.00011547419582523435,-0.004837732570733892,0.19792647817632716,0.00021092890029521377,0.9802049077051639
1726263092.032295,0,0.0003879143045042877,-0.0016936452563929253,0.001952368490241752,-0.003961455178613046,0.004664111575018142,0.0011386927817717176,0.9999806279697784
1726263092.0491126,0,0.00024218735167870088,-0.0012932485239008319,0.001227069115580086,-0.002966627485883112,0.002877918316275402,0.000886126391606558,0.9999910657038608
1726263092.0683436,0,0.00020796385290076602,-0.0008135929707446941,0.0012045129628207134,-0.0047346777831368545,0.19567956983530452,4.1112280600647475e-06,0.9806564580720701
1726263092.0827012,0,0.0004130232947259828,-0.00039086812476512174,0.0020625207983222794,-0.003691643619472697,0.004255232584701402,0.0010111499943960109,0.9999836210352275
1726263092.0993593,0,0.0003809281410539198,9.948271924837263e-05,0.0020604904654369202,-0.005852772000866546,0.1947713693659199,0.00018144675143037337,0.9808311912925214
1726263092.117149,0,0.0007793020182666007,0.000536376429642669,0.0038609738350231224,-0.007342759297480462,0.007665785397335421,0.0015847198081233083,0.9999424024828986
1726263092.1328366,0,0.001041408304446059,0.0009799824307080293,0.005155303972599547,-0.005568027745318344,0.01000525214350118,0.0012805182680883918,0.9999336239318776
1726263092.1498191,0,0.0005730515619685699,0.0014077759417534383,0.0028397773982315774,-0.002748373768235144,0.004987878699253138,0.000749154028385314,0.9999835030019012
1726263092.167166,0,0.0006726533837644021,0.0018217959646514214,0.0034783744021525754,-0.0058062175032809376,0.19254276621506886,-3.7658423457858655e-06,0.9812714053728319
1726263092.1838295,0,0.0005260570072457265,0.0021717042451136486,0.002600923564737303,-0.003416195072510095,0.003314569252997813,0.0008671488545680145,0.999988295578882
1726263092.1992416,0,0.0007578267570052924,0.002536536943028894,0.0038983435675322246,-0.006041693442326827,0.1921566090502416,8.608179055853337e-05,0.9813456720893952
1726263092.2161613,0,0.0002999534074208753,0.002833304373330115,0.0014761120924896487,-0.0008878144363694187,0.0011179360259073682,0.00023082601916179157,0.9999989543614121
1726263092.2341728,0,0.0007429472441174569,0.003139134639038022,0.0036629727904157936,-0.0032090833268995566,0.005826787058468533,0.00070861145446781,0.9999776238529455
1726263092.2493877,0,0.00039733499873778887,0.0033920636706716305,0.0019530291930440996,-0.007931334138097514,0.0018059476331914366,0.0016649573727178769,0.9999655296103377
1726263092.266404,0,0.0008104802532498991,0.003636731396661297,0.004141853416868479,-0.005776955233083101,0.19212901161320098,-5.554562185151013e-05,0.9813526718766569
1726263092.2866585,0,8.294959160264629e-05,0.0037541861163648904,0.00039331091387614383,-0.006833579613215331,-0.0014768543167826972,0.0014038931736431472,0.9999745747642557
1726263092.3012948,0,0.0008079693702128029,0.003934588001751834,0.004130649615148868,-0.006062060699000975,0.1923728289034631,-4.492939947744922e-05,0.9813031866355625
1726263092.31695,0,0.0006715922242558744,0.004012752639710228,0.0033023951115145715,-0.006322719320403642,0.004553310291364296,0.0012739571808768177,0.9999688333237629
1726263092.3340805,0,0.0008898437526444738,0.004045740300364501,0.0045333403349573954,-0.006102972934588967,0.19160541231074432,-2.9933710716145345e-05,0.9814530650003404
1726263092.3508382,0,0.0009282553104337616,0.004044978727299618,0.004722969678618964,-0.0063702269932618995,0.19125149119142662,5.627517630397756e-06,0.9815203957602924
1726263092.3665113,0,0.0010494421217024997,0.003963004351646889,0.005170830514594968,-0.005461827838825883,0.008725808268083498,0.0011255188041225132,0.9999463795194967
1726263092.3850079,0,0.0009929161172489932,0.0038595718606972604,0.0050373528661763495,-0.005263465862075493,0.19024658426205354,-6.260614155011285e-05,0.9817222260824144
1726263092.3998752,0,0.0011022636634233848,0.0037533871295101348,0.005429292992863949,-0.004185713604611285,0.00961078704361976,0.0008088446402376378,0.9999447276446686
1726263092.416184,0,0.0011073115515348889,0.003561221780146219,0.005457569888219418,-0.005850752795447035,0.009665642540843396,0.0012016627941502267,0.9999354479427801
1726263092.4358058,0,0.0011173090520023518,0.003350075021622532,0.005503823123981788,-0.003532499595516109,0.010103939079095025,0.0006328076249545101,0.9999425140557848
1726263092.450707,0,0.0019898508319327202,0.003150161720578057,0.009951432196779485,-0.0052376512627483034,0.17778895988371315,-3.45294200669417e-05,0.9840546994758149
1726263092.466933,0,0.0021185795052121384,0.002851905729907316,0.010464438616892354,-0.0020866201624445174,0.022725644401166655,0.0004327838523580162,0.9997394679620218
1726263092.4835558,0,0.0027800713615597824,0.0025554423271686834,0.013738212988112859,0.00046746804644770665,0.03218154914446814,-1.0346180731751427e-05,0.9994819304325837
1726263092.5006688,0,0.0019856470203404456,0.00214565853937715,0.009944777403573373,-0.005069629006509749,0.1772230605400959,0.0001247823391538655,0.9841576449451103
1726263092.5168505,0,0.0030119230088108424,0.0018397895939294435,0.014893396178069248,-0.0036919160058662163,0.03676874607176178,0.0007450091190821013,0.9993167035679572
1726263092.5334187,0,0.0028736328427681214,0.0014200291662343667,0.014213671503414321,-0.0035584354316609,0.03465617175479752,0.0008386108817041729,0.9993926075513915
1726263092.5509908,0,0.003086644540707243,0.00100101320319337,0.015270381244514169,-0.0007773604070407319,0.037130559622752704,0.0003880091695538747,0.9993100453321697
1726263092.5668833,0,0.002889227892878046,0.0005773098039923841,0.014299513793596369,-0.0015081671250082836,0.03471483681318371,0.0005569064751023204,0.9993959652670883
1726263092.583712,0,0.0027740894458980394,0.00010903115941901557,0.013841468770436656,-0.005581717796402937,0.1645098698984009,0.00024759100471417287,0.986359612834562
1726263092.6008296,0,0.0026822414637691656,-0.0003153092951021807,0.01328513435615924,-0.0009136376680248208,0.033212944920449045,0.00045904576594996474,0.9994477749401954
1726263092.616962,0,0.0024127768009893705,-0.0008062102053104694,0.011954115140612542,0.0021919073947782356,0.02953649663826307,-9.255229726127548e-05,0.9995612949401266
1726263092.6339414,0,0.00247589412481429,-0.001220186926013288,0.012271497647597166,0.0002365069713466047,0.031104794389820882,0.00029505425663308305,0.9995160572864276
1726263092.6522777,0,0.0023995914220605874,-0.0016335653460757907,0.012009049911864815,-0.005214681398054961,0.1685124549327505,0.00025051810635764717,0.985685698826524
1726263092.6662118,0,0.002322489054931982,-0.002045496995068378,0.011630621990973793,-0.005260541444569835,0.16936623626050518,0.0002822091294098473,0.9855391037785706
1726263092.6832633,0,0.0017253309136681463,-0.0024465855514649104,0.00856191591578944,0.0034635378471651944,0.021459201605186964,-0.0003669496695617424,0.9997636580312316
1726263092.7025077,0,0.0011911700739370462,-0.002835143045443671,0.005927268528957232,-0.002396652077616916,0.014945450823970238,0.0007975854518148262,0.9998851201092724
1726263092.7164614,0,0.0009964665568566761,-0.003151041530912626,0.0051097726466180675,-0.004918275539254881,0.18562399073101046,0.000246599687296423,0.9826085099465646
1726263092.7333827,0,0.0008490620723655105,-0.0034562398610358705,0.004385186546477624,-0.004724047672301964,0.1871212594001384,0.00026071373747303325,0.9823254296222016
1726263092.7539425,0,-0.00014905534111223575,-0.003739542612320817,-0.0006900178905939742,-0.001084778547016913,0.0006487565245638929,0.0005823089493116544,0.9999990316429128
1726263092.76713,0,-3.2995509594479256e-05,-0.003952738577883639,-0.00011338331523013844,0.00030875537777603086,0.002083482752921335,0.000264762473809905,0.9999977468327454
1726263092.7835543,0,-0.0003308913879587695,-0.0041442624273413855,-0.0015788838894305874,-0.00014555943425995254,-0.0011202267892110734,0.0004968692163620791,0.9999992385123968
1726263092.8007326,0,-0.0005071379461931403,-0.0042599494602426164,-0.0022843451008907967,-0.004759080265448162,0.20104354571091101,0.00026422462779869565,0.9795707090702325
1726263092.8168876,0,-0.0005357082380981101,-0.004356217803902002,-0.0024253687491014595,-0.004732177753237429,0.20133423073403098,0.00027604908727710227,0.9795111320579002
1726263092.8334486,0,-0.0010815684135541187,-0.004415748055148471,-0.005292952517367891,-0.0028430043063931766,-0.008517903858882847,0.0009794745275635021,0.99995920080272
1726263092.8504188,0,-0.0012209457422710638,-0.004412621079907603,-0.0059785050787806585,-0.0030157811998702635,-0.009962246276315333,0.0010971733312378853,0.9999452259616852
1726263092.8669343,0,-0.0006425026140317649,-0.0043555481476325875,-0.0029511262450937705,-0.004803627024973899,0.20237278813026988,0.00029437188470783486,0.9792967339560463
1726263092.8833005,0,-0.000641097922709282,-0.004260009948482711,-0.002946178055807599,-0.004453620071918968,0.20239059687830674,0.0002194341507850216,0.9792947275525133
1726263092.9001944,0,-0.0012707064976057872,-0.004138519816085391,-0.006227388830425431,0.001500722431935634,-0.01031382850290879,8.67461543233342e-05,0.999945681149181
1726263092.917435,0,-0.0005841047312397038,-0.003954148245071588,-0.0026649962932085267,-0.004506105178790446,0.20205180892714292,0.00030079141655942987,0.9793644219849478
1726263092.9334,0,-0.000489342484484158,-0.0037475871677751034,-0.0021976414738678314,-0.004991669628709184,0.20130651650903572,0.0003102881069093055,0.9795155299262007
1726263092.9502525,0,-0.0008482273997090246,-0.0034852066475528627,-0.00414541086822049,-0.005268745913658522,-0.007060446577719705,0.0015103919247639419,0.9999600537655762
1726263092.96687,0,-0.000335930100821866,-0.003149786045033361,-0.0016196434266916436,-0.0021577494025040787,-0.001810339507672827,0.0007720859205466218,0.9999957353267633
1726263092.9843268,0,-0.00023042373380701282,-0.002835092781096808,-0.000937506336550269,-0.0048619573444211635,0.19911307700051903,0.00016273194996782288,0.9799644470369724
1726263093.0004835,0,-0.00022621150778028828,-0.0024665759116203377,-0.0010820960362647716,-0.0024208682428518338,-0.0015458857192268852,0.000825171814884971,0.9999955343529139
1726263093.016739,0,-0.00017900877839885774,-0.002061300524808047,-0.0008517192222800571,-0.002617440972407367,-0.0011747984528930222,0.0008053019513443312,0.999995560160203
1726263093.0330632,0,0.00040921953081683813,-0.0016271363025979308,0.0020530417757081533,0.0027476170898239716,0.00491068556639508,-0.0002513028320306115,0.9999841361814108
1726263093.0499983,0,0.0002094500109369023,-0.0012186777931325232,0.0010620941904807594,-0.0013765109245826225,0.002754188902574542,0.0005229235052321283,0.9999951230941935
1726263093.0669174,0,0.0003055792593601804,-0.0008031146567797796,0.0015363665926614132,-0.0031954822239823274,0.003475271948737037,0.0009031906753701393,0.999988447745694
1726263093.0832021,0,0.00040191406612288263,-0.00031443075403582985,0.0020098659450168265,-0.00034865640979754884,0.003994044099826042,0.0003624515411193349,0.9999918973068317
1726263093.100169,0,0.00041084200184625483,0.00010542014013900206,0.0022009905658261155,-0.005036974494498592,0.19435487994693024,9.074628697069696e-05,0.9809183458850524
1726263093.116722,0,0.0007294183894031393,0.0006038666809082745,0.0036147894638765975,0.0011372585696332223,0.007091225997390704,-4.1752160217894625e-05,0.9999742093742002
1726263093.134013,0,0.000592561694420231,0.0010135729635062088,0.0030921078904013913,-0.006098832803609754,0.19306487462605784,0.00011379746526568052,0.9811670324028396
1726263093.1543276,0,0.0006971923772832103,0.0014239824967992479,0.003452147233377419,-0.004227455107612034,0.006379236337544667,0.0009803452507997786,0.9999702360021782
1726263093.167177,0,0.0006576225395053274,0.0018270180639300422,0.003403185157956007,-0.005392522510557368,0.1927575761386291,3.39808771164465e-05,0.9812315916171033
1726263093.1838393,0,0.0007204967808559053,0.0022261514595868477,0.003709383040910151,-0.0055620013926588555,0.19229681130230394,2.559435038390323e-06,0.9813210486364405
1726263093.2005675,0,9.077102922545597e-05,0.002541805770096486,0.0004402661959324886,-0.004177170625396341,-0.0008625151214268515,0.0008737959432926968,0.999990521852023
1726263093.2171004,0,7.239834513037841e-05,0.0028552897531955576,0.00035323936461906366,-0.007004803563417221,-0.0012909095562014183,0.0015404909751769642,0.9999734462310043
1726263093.2334049,0,7.9685942043033e-05,0.0031309856362287647,0.0003858061688428614,0.0006051368261660951,-0.0015471419581909928,-5.720136348553343e-06,0.9999986200632792
1726263093.2504187,0,0.0007568871784819564,0.00343094253134264,0.003726734533707151,-0.005533125168234207,0.005847405203254116,0.0011504425504798694,0.9999669338834158
1726263093.2669861,0,0.0008114274619901679,0.003639053239303557,0.004147236261526805,-0.005678306407681973,0.19217940582299411,-3.9114431484956684e-05,0.9813433809242933
1726263093.2836483,0,0.00046880066307240526,0.0037957425631177794,0.002301425963289374,-0.006969758353624897,0.0024934486191414036,0.0014015393499067505,0.9999716200322518
1726263093.30077,0,0.0008289713327317792,0.003938062425029093,0.004233508887609346,-0.005797091752516748,0.19217449705806502,-5.79487620081374e-06,0.9813436484606766
1726263093.3173606,0,0.000712808688054673,0.00402067398583337,0.0036588468785825434,-0.005942596168842891,0.19343976216760397,-5.626360790678516e-05,0.981094154909569
1726263093.3341773,0,0.0008941460165944629,0.004045905504876376,0.004551795920531549,-0.006361458541511763,0.19162580268035448,6.538187143773498e-06,0.98144744309086
1726263093.3513117,0,0.0009386749871778965,0.004044088949253547,0.004771642548317084,-0.006279470730052882,0.19108404672732238,-2.575181653019985e-05,0.9815535923578013
1726263093.3672948,0,0.0010090269408085941,0.003958471541866426,0.005120275700346224,-0.005990650257793735,0.19026010540479762,6.287160227165591e-06,0.9817154396062617
1726263093.3838632,0,0.0009830054722597082,0.0038550398128124994,0.004990480132440481,-0.005815145114054586,0.1903997184479129,-3.6421128696923475e-05,0.981689426435754
1726263093.4009545,0,0.0016228515586987318,0.003757820257511047,0.008001500050719585,0.0019460047747612659,0.015243833184417384,-0.00034822903928535023,0.9998818516963884
1726263093.418026,0,0.0010475680359550788,0.0035537490673449032,0.00530690061771767,-0.005674148804486956,0.1893195788566599,-9.253780802196871e-05,0.9818991254368422
1726263093.4350796,0,0.0017778090836827363,0.0033576629153998965,0.00877336067859041,-0.000159849114013227,0.017710804224080872,8.199030940025572e-05,0.9998431352665208
1726263093.4517252,0,0.002186835369182505,0.0031422541682611816,0.010799209408789071,0.0029114394215791223,0.022723970198511318,-0.00041946375743760755,0.9997374499082586
1726263093.4677,0,0.0028588661595857112,0.0028589022215039428,0.014125358406856933,0.0013185953708190303,0.032990276027364124,-0.00014736777494452188,0.9994547920124379
1726263093.483797,0,0.003041686290946207,0.0025521725525198447,0.015037333238289314,-0.0030482530067752504,0.036274283799826834,0.0007213506676592097,0.9993369622612939
1726263093.5004582,0,0.0026258087035205438,0.002147271898455882,0.012980320677376977,0.0034408798403155107,0.029951241149698583,-0.00046160541645432374,0.9995453318484143
1726263093.518057,0,0.0023668276693098855,0.0017758301076745725,0.011706301632214302,-0.006878872898857714,0.026479981885729833,0.0014239792989821326,0.999624661535483
1726263093.5345478,0,0.0026070214461367588,0.0013598459513232694,0.01289579001117758,-0.0009438298464498555,0.030035416076941296,0.0003721165111750331,0.9995483202405016
1726263093.550928,0,0.0030195368402337664,0.0009356924311031136,0.014939712740444658,-0.004387114642132547,0.037463900666066786,0.000927970101506756,0.9992879205932046
1726263093.5697224,0,0.0028574412570601198,0.0005217570226625231,0.014143420048176635,-0.0009232465004834626,0.0350436087713548,0.0004568840099603442,0.9993852532217898
1726263093.5858471,0,0.0027629157248825927,0.00010520471279496258,0.013787810369361967,-0.005506385477478157,0.16477469762557442,0.00027222649227314497,0.9863158239803875
1726263093.601005,0,0.002684056565045354,-0.00037947360041946953,0.01328985515074721,-0.0033823641694240626,0.03270329986706862,0.0008206717577243951,0.9994590438273577
1726263093.6180127,0,0.0026032776872507214,-0.0008140935799576847,0.013006511713146532,-0.005198149125486429,0.1662328325669775,0.000264503223157982,0.9860727937938829
1726263093.6344898,0,0.0024650248406930027,-0.0012307300181965716,0.012221389327674052,-0.0013391000943742451,0.030731098991138864,0.0006138910047390425,0.999526602699282
1726263093.6510227,0,0.002411669244972698,-0.0016371992912012094,0.011959481123123053,-9.116188421953276e-06,0.030530707879059597,0.0003492316108312792,0.9995337682292583
1726263093.6696556,0,0.002086910715437604,-0.002068309182081835,0.010353347420435977,-0.003057853420213601,0.02590959137264261,0.0008842645255644197,0.9996592222770777
1726263093.6845646,0,0.0020587654417263,-0.002464023282957622,0.010215567325468562,-0.0033094610600446534,0.02577561392948886,0.00092942800816326,0.999661843503906
1726263093.7012157,0,0.0010815676459808214,-0.0028451421703456227,0.005521198383508355,-0.004443023734904358,0.18472570468233715,0.000163050409313997,0.982780060331033
1726263093.7177129,0,0.00099307662466162,-0.003154431669944298,0.005091483715341533,-0.0046662512815462695,0.18558968586108238,0.0002034126727197486,0.9826162288626454
1726263093.735103,0,0.0008325505908950541,-0.0034617329408094593,0.0041616909701053745,-7.245566744990578e-05,0.011226758383802373,0.00041789785543456083,0.9999368880123137
1726263093.7508988,0,6.033023232167147e-05,-0.0037493093866914715,0.00034370418307107416,0.0009394793218591534,0.002853200524897995,0.0001773836526322298,0.9999954725699554
1726263093.767709,0,0.0004534203209606623,-0.0039642998707052355,0.0024391032372642093,-0.004547505825624171,0.19120000623106037,0.00024316680236225835,0.981540533385104
1726263093.7877285,0,-0.0004054011756725042,-0.00414974805959747,-0.0017800694067858836,-0.005126718276391691,0.2002511882985344,0.0003773696547887039,0.9797311038937586
1726263093.8009787,0,-0.0005025169818606679,-0.004261480462433252,-0.0022584252414958057,-0.004951024574175923,0.20105771878635503,0.0003067326502429665,0.979566836406365
1726263093.8178942,0,-0.0005373189117829639,-0.004357426567915206,-0.0024352532250288593,-0.004478652709898219,0.20124214139419896,0.00022705383913939353,0.979531260677032
1726263093.8365557,0,-0.000907736189592007,-0.004425487299754264,-0.004430056669203585,-0.00257226115321327,-0.006776684726954043,0.0009970469892491088,0.9999732325987393
1726263093.8537512,0,-0.0012441520471035488,-0.00441384698622974,-0.006092540242260791,-0.0026216121936606745,-0.010072663891861204,0.0010155619068165844,0.9999453171177117
1726263093.869376,0,-0.0006417462867137679,-0.004354658410764276,-0.0029472423660036238,-0.004786893057573428,0.2023767724529729,0.0003043611486389174,0.9792959894693046
1726263093.8868322,0,-0.0006395536105181437,-0.004258787833606031,-0.0029351296986966993,-0.00481931656108299,0.20253269658956688,0.00031363733187505697,0.97926359200762
1726263093.9021666,0,-0.001543696814967029,-0.004132461207006011,-0.007388906982320289,-0.004893397610026627,0.21098840833060442,0.0002924035820086073,0.9774762711749547
1726263093.9179587,0,-0.0005948138880273004,-0.003950085180903607,-0.0027154746698500234,-0.004995273998693941,0.20227214092172854,0.0003097574822431642,0.97931656388265
1726263093.938571,0,-0.0006474347585191842,-0.0037400135728613646,-0.0031485904698727294,0.0025167457150304766,-0.004755765365452615,-2.805713085797771e-05,0.9999855238450165
1726263093.9519544,0,-0.00039871924828906435,-0.003448161899560808,-0.0017596382436716228,-0.004186765425376269,0.2004830660749753,0.00020864643450916942,0.9796881992139721
1726263093.9683273,0,-0.00029594204742550053,-0.003141207695123192,-0.0012564816079613235,-0.004817128148228217,0.1996744213161461,0.0002130329137668291,0.9798504352019463
1726263093.9884214,0,-0.0002694365846243476,-0.002831380803385841,-0.001131557182942259,-0.0044905837469676494,0.1995342921063032,0.00015661145182384052,0.979880541905033
1726263094.002064,0,-0.0001159033742968358,-0.0024353455212779472,-0.0005355972991649007,-0.0013290777653229783,9.324793440881298e-05,0.0006048510008383289,0.9999989295056186
1726263094.0182488,0,-5.0347802174693984e-05,-0.0020326301118023657,-0.0002139240561725181,-0.001841590698835437,0.00048770923954652646,0.00067538488734659,0.9999979572672384
1726263094.0354207,0,5.2569129003806767e-05,-0.0016219892607874187,0.00045146627863853437,-0.0053123375075168275,0.19707470730165155,0.000170210060605252,0.9803740662832274
1726263094.0519905,0,0.00034259394301169264,-0.0011993308971709918,0.0017238970525627242,-0.0039807922436539585,0.003948114280868187,0.0011043464821533277,0.999983672919506
1726263094.0681367,0,0.000879576397193902,-0.0007404182813467788,0.004372668187665025,-0.00507327107683258,0.009402138343246175,0.0012436753829814442,0.999942155820374
1726263094.0850732,0,0.00032239626119270854,-0.000304525280022114,0.0017717860912991013,-0.005403858519533426,0.1951120550570177,0.00015464036820235041,0.9807660579215028
1726263094.1022031,0,0.0007352888037010694,0.00014224957522452472,0.003650754685369532,-0.006489942607170262,0.007190917665314234,0.0015061482159903362,0.9999519502784311
1726263094.1185625,0,0.0004464841174711471,0.0006059416569977143,0.002370326932742345,-0.005244457240944559,0.1942303247814491,4.109074216887873e-05,0.9809419324889173
1726263094.1351733,0,0.0005948490913996934,0.0010186753155960802,0.002943293210239863,-0.0035536520191014652,0.005587955715624632,0.0008230283957258394,0.9999777342183711
1726263094.152293,0,0.0009103380442095229,0.0014485404704262217,0.0045017988797011205,-0.006666186144823764,0.008538451495771898,0.0014104969560346592,0.9999403318731942
1726263094.1686063,0,0.0005545296705585335,0.0018339004674079022,0.0027411619491015983,-0.0036683014350748734,0.004438994865739065,0.0008427075745922632,0.9999830642231432
1726263094.1851246,0,0.0007167397331137294,0.0022305019252082657,0.0036928113705360357,-0.005309431282201874,0.19227378732104505,1.4854848319614552e-06,0.9813269590949157
1726263094.2022674,0,0.00038809142529172254,0.0025896487533592248,0.0019173347216298526,-0.0059573230587475386,0.0022537895353601676,0.0013331981815024783,0.9999788264344965
1726263094.2183783,0,0.0005785741346591737,0.0029094143578925423,0.0028526600410185973,-0.007023676334212438,0.004136639117258393,0.001435139674567442,0.99996574769423
1726263094.2353384,0,-5.0848415979106065e-05,0.003145301051662648,-0.00026277010877875354,-0.007024836826848499,-0.00259254737597357,0.0014877994386901085,0.9999708579846163
1726263094.252357,0,0.00041299920153945824,0.003432573332768047,0.0020238124224709027,0.0007911151171105708,0.0018721629253181948,-0.0001757953603239949,0.9999979191172569
1726263094.2683752,0,0.0008097514525054069,0.003642706686098353,0.004135936312754816,-0.0052388504788009535,0.19206848096642107,-0.00012938705909141667,0.9813675337629126
1726263094.284904,0,0.0007332667452524381,0.0038283548317252633,0.0037566488507961393,-0.0053481328894043716,0.19292736000113583,-0.00015066080055277207,0.9811984552265217
1726263094.3027618,0,0.000844883413520057,0.003941775260460468,0.004310246040417821,-0.005871798795930681,0.19192365086808627,-6.849339570054829e-05,0.9813922913519444
1726263094.318601,0,0.0007835175818447969,0.004025422641197661,0.003857888742854584,-0.005447514469732753,0.005676792927821293,0.001167559491332649,0.9999683672061785
1726263094.3356166,0,0.0008950083911376055,0.004045641793945751,0.004558744285240729,-0.00623396665670996,0.19156010340501872,-7.621918820016876e-06,0.9814610865363373
1726263094.3524241,0,0.0009354957782859529,0.004043561763213917,0.0047564658771075494,-0.006078149742154063,0.1909967393397602,-7.117960424678643e-05,0.9815718499380244
1726263094.3688118,0,0.0010107370951135365,0.003958720376644032,0.005128525036693917,-0.006013571043306072,0.19015281551134622,-1.7560477366607165e-05,0.9817360864346613
1726263094.3857882,0,0.0009937170491355822,0.0038561889040148434,0.00504164976680952,-0.005711343974388025,0.19024902882698924,-6.265856072424999e-05,0.9817192488966988
1726263094.4022982,0,0.0018442003692885828,0.003762983994995139,0.009097020063768871,-0.0005795043103737665,0.018220213335341143,0.00010227732316042588,0.9998338249629876
1726263094.4182348,0,0.0011899141190800163,0.0035553000993782933,0.005866069920911362,-0.0020529928889750585,0.010518027468280618,0.0004619296284832851,0.9999424698148353
1726263094.4354014,0,0.0020164203313131827,0.003360689004231131,0.010084023656414434,-0.0060722439695798745,0.1777960921321907,6.279004075809627e-05,0.9840486133993108
1726263094.4537659,0,0.002571788909475058,0.0031278231500379548,0.012704134822983623,-0.001015132942170444,0.02828395079807617,0.0002510806530907941,0.999599382048062
1726263094.46819,0,0.0030788829200596494,0.0028600153255114893,0.015319655522493151,-0.004830907469790978,0.16226830928451497,0.00010877790328036875,0.9867348409285704
1726263094.4848576,0,0.002782061785734058,0.002522714133887493,0.013755504719808707,-0.007449950537147617,0.031728329864343985,0.0015066844193797918,0.999467628902044
1726263094.5052178,0,0.0030655439301143818,0.002151208168640181,0.015261677914262098,-0.005959308280459357,0.16193524104848156,0.00022600769166953569,0.9867833669412511
1726263094.5183642,0,0.002507281388281453,0.001746954063925318,0.012402544671195108,0.002084767458615917,0.028187778794930014,-0.00010008581837287903,0.9996004666135768
1726263094.535264,0,0.003027818155002857,0.0013456548679810687,0.014978756436556868,-0.002620772321282196,0.03713729100650873,0.0006576909376840173,0.9993065198485239
1726263094.5523224,0,0.0029510962118352657,0.0009272059254007227,0.014704065800301628,-0.005631779801101099,0.16252509050712544,0.00022602259846944735,0.986688312956887
